;number;text;x1;y1;x2;y2;fixations;fix_duration;first_fix_duration;fix_number;pupil_l;pupil_r;y;diff_y;line;distance;pupil;fix_duration_avg;fix_distance
0;0;Taking;209;241;267;265;[];0.0;0.0;0;;;253.0;;1;653.1484427675608;;;[]
1;1;breaks;277;241;335;260;[2183, 2184];0.566;0.2909;2;12.2871;11.8288;250.5;2.5;1;615.3252774668774;12.06;0.283;[4.916799999999995, 0.0]
2;2;from;343;241;383;260;[];0.0;0.0;0;;;250.5;0.0;1;588.896530376678;;;[]
3;3;activities;392;242;470;260;[2185];0.2912;0.2912;1;12.4423;12.09;251.0;0.5;1;548.5064859139677;12.27;0.2912;[0.0]
4;4;that;478;241;513;260;[];0.0;0.0;0;;;250.5;0.5;1;532.6757996095652;;;[]
5;5;require;521;242;583;265;[2186];0.3074;0.3074;1;12.1869;11.4629;253.5;3.0;1;508.7172466996668;11.82;0.3074;[8.121280000000013]
6;6;prolonged;592;241;679;265;[];0.0;0.0;0;;;253.0;0.5;1;497.35811030854785;;;[]
7;7;mental;689;241;748;260;[2187];0.3071;0.3071;1;11.7498;11.2276;250.5;2.5;1;502.22464;11.49;0.3071;[7.121692030858977]
8;8;engagement;757;242;868;265;[2188];0.3397;0.3397;1;13.189;12.7175;253.5;3.0;1;501.6490010851109;12.95;0.3397;[0.21280000000001564]
9;9;is;876;242;888;260;[2191];0.0809;0.0809;1;11.8695;11.5155;251.0;2.5;1;535.3800761045275;11.69;0.0809;[6.874880000000019]
10;10;important;897;242;984;265;[2189, 2190];0.5496;0.2427;2;13.7435;12.6788;253.5;2.5;1;538.3917461195794;13.21;0.2748;[19.86370687113559, 40.23104000000001]
11;11;to;991;242;1007;260;[];0.0;0.0;0;;;251.0;2.5;1;585.2493980259096;;;[]
12;12;avoid;1016;241;1062;260;[];0.0;0.0;0;;;250.5;0.5;1;598.469529625101;;;[]
13;13;burnout;225;346;294;365;[];0.0;0.0;0;;;355.5;105.0;2;561.2635690027365;;;[]
14;14;and;302;346;333;365;[2192];0.2747;0.2747;1;13.6067;12.5538;355.5;0.0;2;534.4240910453885;13.08;0.2747;[30.837440000000015]
15;15;maintain;342;346;418;365;[2193];0.2266;0.2266;1;13.371;12.9006;355.5;0.0;2;481.7213272107533;13.14;0.2266;[9.452159999999992]
16;16;productivity.;427;346;537;370;[2194];0.469;0.469;1;13.4347;12.8264;358.0;2.5;2;421.19953690583475;13.13;0.469;[5.335680000000025]
17;17;By;548;347;568;370;[];0.0;0.0;0;;;358.5;0.5;2;410.9156977893271;;;[]
18;18;taking;576;346;630;370;[];0.0;0.0;0;;;358.0;0.5;2;396.86651696721606;;;[]
19;19;a;639;351;647;365;[];0.0;0.0;0;;;358.0;0.0;2;399.6017320904523;;;[]
20;20;break;656;346;705;365;[2195];0.2265;0.2265;1;12.8487;12.0998;355.5;2.5;2;397.22464;12.47;0.2265;[21.719679999999983]
21;21;from;713;346;753;365;[2196];0.3882;0.3882;1;12.6935;12.1008;355.5;0.0;2;397.86014262513106;12.4;0.3882;[3.5027200000000107]
22;22;talking;762;346;820;370;[2197];0.4367;0.4367;1;12.7936;12.3269;358.0;2.5;2;398.68449918411625;12.56;0.4367;[24.013440000000003]
23;23;to;829;347;845;365;[];0.0;0.0;0;;;356.0;2.0;2;420.6705146426234;;;[]
24;24;me,;854;351;886;370;[];0.0;0.0;0;;;360.5;4.5;2;424.9298241941716;;;[]
25;25;you;895;351;925;370;[];0.0;0.0;0;;;360.5;0.0;2;442.3252019608306;;;[]
26;26;will;934;346;961;365;[2198];0.307;0.307;1;14.6693;13.5765;355.5;5.0;2;465.9067995744316;14.12;0.307;[0.0]
27;27;have;971;346;1012;365;[];0.0;0.0;0;;;355.5;0.0;2;486.266950850754;;;[]
28;28;the;1020;346;1047;365;[];0.0;0.0;0;;;355.5;0.0;2;516.0847127068283;;;[]
29;29;opportunity;236;451;339;475;[];0.0;0.0;0;;;463.0;107.5;3;453.9443017482317;;;[]
30;30;to;347;452;363;470;[2199];0.4044;0.4044;1;12.2275;11.2433;461.0;2.0;3;438.9369415869319;11.74;0.4044;[0.0]
31;31;recharge;372;450;449;475;[];0.0;0.0;0;;;462.5;1.5;3;375.2741359189168;;;[]
32;32;your;457;455;497;475;[2200];0.3558;0.3558;1;12.2222;11.1015;465.0;2.5;3;346.3359690960349;11.66;0.3558;[0.0]
33;33;mental;505;450;564;470;[2182];0.3073;0.3073;1;14.0485;12.4449;460.0;5.0;3;318.4383071957418;13.25;0.3073;[19.653759999999977]
34;34;batteries,;574;450;656;475;[2201, 2211, 2235];0.8571;0.3881;3;12.1241;10.6337;462.5;2.5;3;289.2917812342577;11.38;0.2857;[15.977599999999995, 40.04128000000003, 36.10912000000002]
35;35;refresh;666;450;727;470;[2202];0.2425;0.2425;1;11.8628;10.6967;460.0;2.5;3;292.22464;11.28;0.2425;[14.697600000000023]
36;36;your;735;455;775;475;[2212, 2236];0.372;0.2749;2;12.1732;10.8347;465.0;5.0;3;290.6481066335881;11.5;0.186;[36.62112000000002, 34.890559999999994]
37;37;mind,;783;450;832;475;[2203, 2213];0.8574;0.4369;2;13.0423;12.0907;462.5;2.5;3;301.74533681515214;12.57;0.4287;[0.0, 77.4912952817386]
38;38;and;841;450;871;470;[2214];0.5821;0.5821;1;12.9357;12.2181;460.0;2.5;3;328.69284916117294;12.58;0.5821;[82.45824000000005]
39;39;come;880;455;927;470;[];0.0;0.0;0;;;462.5;2.5;3;348.2776253072965;;;[]
40;40;back;936;450;976;470;[2204];0.5823;0.5823;1;12.9739;11.7065;460.0;2.5;3;381.647592799548;12.34;0.5823;[8.092800000000011]
41;41;to;983;452;1000;470;[];0.0;0.0;0;;;461.0;1.0;3;413.44752350170097;;;[]
42;42;our;1008;455;1037;470;[2216];0.4366;0.4366;1;10.8715;6.9652;462.5;1.5;3;431.4948142094985;8.92;0.4366;[98.81151999999997]
43;43;conversation;207;556;320;575;[2206];0.2912;0.2912;1;12.8897;11.7005;565.5;103.0;4;415.13771436679855;12.3;0.2912;[12.288206369100406]
44;44;with;329;555;364;575;[2205];0.2425;0.2425;1;14.676;12.395;565.0;0.5;4;376.38998537380036;13.54;0.2425;[3.380800000000022]
45;45;renewed;374;555;447;575;[2207];0.2587;0.2587;1;11.7583;10.3433;565.0;0.0;4;307.17394988782763;11.05;0.2587;[5.255359999999996]
46;46;energy;456;560;517;580;[];0.0;0.0;0;;;570.0;5.0;4;251.6258434455603;;;[]
47;47;and;525;555;556;575;[];0.0;0.0;0;;;565.0;5.0;4;230.54094362973711;;;[]
48;48;focus.;564;555;616;575;[2208];0.2909;0.2909;1;12.4933;11.1137;565.0;0.0;4;201.51063170386226;11.8;0.2909;[0.0]
49;49;So,;625;556;652;579;[2234];0.2587;0.2587;1;12.0758;10.3513;567.5;2.5;4;187.23029233991386;11.21;0.2587;[7.746695570525576]
50;50;think;661;555;705;575;[2209, 2210];0.7764;0.3235;2;12.2154;10.6342;565.0;2.5;4;187.22464000000002;11.42;0.3882;[10.600639999999999, 36.72288000000003]
51;51;of;713;555;730;575;[];0.0;0.0;0;;;565.0;0.0;4;188.5692029194842;;;[]
52;52;this;736;555;768;575;[];0.0;0.0;0;;;565.0;0.0;4;192.6690184998346;;;[]
53;53;break;776;555;825;575;[2219];0.259;0.259;1;11.5409;8.794;565.0;0.0;4;205.81453469006897;10.17;0.259;[0.0]
54;54;as;833;560;851;575;[];0.0;0.0;0;;;567.5;2.5;4;235.2725234482123;;;[]
55;55;a;859;560;868;575;[];0.0;0.0;0;;;567.5;0.0;4;251.8690872054163;;;[]
56;56;way;876;560;911;580;[];0.0;0.0;0;;;570.0;2.5;4;260.01549240322123;;;[]
57;57;to;918;557;935;575;[];0.0;0.0;0;;;566.0;4.0;4;294.61752882286146;;;[]
58;58;invest;944;556;996;575;[];0.0;0.0;0;;;565.5;0.5;4;315.1259511523759;;;[]
59;59;in;1004;556;1017;575;[];0.0;0.0;0;;;565.5;0.0;4;365.1325418114491;;;[]
60;60;your;1026;560;1066;580;[];0.0;0.0;0;;;570.0;4.5;4;381.77424780842614;;;[]
61;61;own;212;665;246;680;[];0.0;0.0;0;;;672.5;102.5;5;452.0623234573853;;;[]
62;62;well-being;255;660;346;685;[2217];0.5499;0.5499;1;12.6094;9.6004;672.5;0.0;5;353.0704998859146;11.1;0.5499;[0.0]
63;63;and;355;660;385;680;[];0.0;0.0;0;;;670.0;2.5;5;316.39269822435796;;;[]
64;64;ensure;394;665;454;680;[2220, 2221];0.6146;0.3074;2;11.0427;9.7585;672.5;2.5;5;250.40638707846415;10.4;0.3073;[0.0, 17.589759999999956]
65;65;that;461;660;497;680;[];0.0;0.0;0;;;670.0;2.5;5;210.26531118967202;;;[]
66;66;you;504;665;535;685;[];0.0;0.0;0;;;675.0;5.0;5;173.639318962295;;;[]
67;67;are;543;665;571;680;[2222];0.291;0.291;1;9.9695;9.0227;672.5;2.5;5;145.07344446758552;9.5;0.291;[4.90912000000003]
68;68;able;579;660;615;680;[2218];0.2269;0.2269;1;12.4901;10.3017;670.0;2.5;5;111.64409294579632;11.4;0.2269;[21.658879999999954]
69;69;to;622;662;639;680;[2223];0.3076;0.3076;1;12.0769;9.2934;671.0;1.0;5;97.032812438317;10.69;0.3076;[22.98303999999996]
70;70;perform;648;660;717;685;[];0.0;0.0;0;;;672.5;1.5;5;77.22464000000002;;;[]
71;71;at;726;662;742;680;[2224];0.2587;0.2587;1;12.0624;10.4104;671.0;1.5;5;89.55226568708132;11.24;0.2587;[28.948022196592344]
72;72;your;750;665;790;685;[2227];0.4369;0.4369;1;11.1973;9.781;675.0;4.0;5;97.4747407777502;10.49;0.4369;[0.0]
73;73;best;797;660;834;680;[2225, 2226, 2228];1.2776;0.4365;3;12.2048;11.4595;670.0;5.0;5;134.5308183640076;11.83;0.4259;[10.309120000000007, 11.183359999999993, 4.442931489185959]
74;74;both;842;660;880;680;[2229, 2230];0.8409;0.4366;2;11.9181;11.3027;670.0;0.0;5;172.3560184318772;11.61;0.4204;[0.27775999999994383, 0.0]
75;75;in;889;661;902;679;[];0.0;0.0;0;;;670.0;0.0;5;215.220853937739;;;[]
76;76;our;911;665;940;680;[];0.0;0.0;0;;;672.5;2.5;5;235.31174277899856;;;[]
77;77;conversation;947;661;1060;680;[2231];0.4043;0.4043;1;12.527;12.3334;670.5;2.0;5;269.3363345144684;12.43;0.4043;[10.40160000000003]
78;78;and;503;765;533;784;[2233];0.3073;0.3073;1;11.2123;9.5998;774.5;104.0;6;157.54604752163607;10.41;0.3073;[1.0031999999999925]
79;79;in;543;766;556;784;[];0.0;0.0;0;;;775.0;0.5;6;134.57456746982174;;;[]
80;80;other;565;765;612;784;[2232];0.259;0.259;1;11.1926;8.8674;774.5;0.5;6;78.57063248879702;10.03;0.259;[27.433279999999968]
81;81;areas;619;770;666;784;[];0.0;0.0;0;;;777.0;2.5;6;25.72479523124725;;;[]
82;82;of;674;765;691;784;[2237];0.372;0.372;1;9.497;7.1556;774.5;2.5;6;2.775359999999978;8.33;0.372;[2.775359999999978]
83;83;your;698;770;738;789;[];0.0;0.0;0;;;779.5;5.0;6;10.788080908558257;;;[]
84;84;life.;746;765;775;784;[];0.0;0.0;0;;;774.5;5.0;6;55.54777664038045;;;[]
