text;attention
const;0.0035292365032887226
element;0.0019181578327183229
=;0.0021318249049248755
"document.getElementByld(""myElement"");";0.9608831314964796
element.style.display;0.008454675175669593
=;0.000840890511477026
"""none"";";0.0027970217701685776
setTimeout(function();0.0061983870896004725
{;0.000829271144558049
element.style.display;0.001966077495660001
=;0.0007000892535652328
"""block"";";0.0011954986388877432
},;0.0008252162217282605
"3000);";0.0020391075373632664
//;0.0011339419797294973
3000;0.0015803967874754292
milliseconds;0.0008654668637227
=;0.0007313238412843822
3;0.0007345851618431744
seconds;0.0006456997898550601
