text;attention
The;5.694243071178854e-38
Bible,;1.1410770760946374e-37
which;4.483552181996692e-38
is;3.2834462717889184e-38
intented;4.011793214893346e-38
to;3.5807851139727655e-38
be;3.283573729520145e-38
taken;3.3052379150042985e-38
as;3.325556774218472e-38
the;3.124470243939263e-38
word;3.2176940960556584e-38
of;3.165104265169567e-38
God,;5.132411818466614e-38
gives;4.282399941496409e-38
many;3.2419584686306365e-38
examples;4.362586887765136e-38
of;3.4790867198252497e-38
the;3.150427513329531e-38
thoughts;3.799194627497936e-38
of;3.280179025799348e-38
God.;1.0
1.;1.024037772986433e-37
God;4.438744216484595e-38
cares;5.227005343980453e-38
for;3.571695846712009e-38
us;3.7843239860749924e-38
(Jeremiah;9.160362191842996e-38
29:11,;2.452893758026317e-37
Psalm;5.121975579178414e-38
139:16-17,;2.8912269521684215e-37
Matthew;3.5766966097394867e-38
10:29-31,;1.6006161080267715e-37
Romans;3.923595565035223e-38
8:28-29);1.6477877500804624e-37
2.;7.367266967203744e-38
God;3.686127992442565e-38
has;3.412837973048267e-38
a;3.1485637369420934e-38
plan;4.269310808658855e-38
for;3.316047823268134e-38
us;3.382240419224022e-38
(1;5.269268582937882e-38
Peter;4.0213600486687247e-38
2:9,;1.1065204515517072e-37
Ephesians;5.182720791418606e-38
1:4-5,;1.343792048353073e-37
Ephesians;3.8531640288302914e-38
2:10,;6.926748846472284e-38
1;3.0988984220077597e-38
Timothy;3.688277935673549e-38
2:3-4,;8.096300700506153e-38
2;3.0291677707957815e-38
Peter;3.398489306314553e-38
1:3-4);6.58216911373891e-38
3.;5.156401397675606e-38
God;3.4378693981276234e-38
will;3.5828978543880854e-38
not;3.482977698532445e-38
forsake;4.4379728311350805e-38
us;3.433243886921955e-38
(Psalm;6.288645730816814e-38
94:14,;9.297308715213199e-38
Exodus;3.968468771184782e-38
19:5,;6.076986452614156e-38
Joshua;3.54438198965078e-38
1:9,;5.154794423395419e-38
Deuteronomy;3.754726432837471e-38
31:8,;5.330258393022208e-38
Romans;3.412013836126805e-38
8:38-39);7.868106344106259e-38
4.;4.1196904123814497e-38
God;3.2744030154182534e-38
is;3.194996979528184e-38
looking;3.3316275508718273e-38
forward;3.4659723976557783e-38
to;3.402644847826214e-38
spending;3.390744914284876e-38
eternity;4.721312976138865e-38
with;3.1517570892299554e-38
us;3.088315602584192e-38
(John;4.250454240079851e-38
3:16,;8.677421766202004e-38
Romans;3.490490823316516e-38
6:22,;5.86267211740543e-38
John;3.108936652958872e-38
4:14,;5.714014958845032e-38
John;3.0095590684261e-38
14:2-3,;5.501312284996057e-38
Revelation;3.402739398229213e-38
21:3-4);4.6178260046826743e-38
