text;attention
As;2.122940753650145e-17
an;6.985650229268455e-18
Al;6.2412220430574314e-18
assistant,;2.3318069231725657e-17
I;8.543714719426422e-18
don't;3.416487493437249e-17
have;5.935501837160659e-18
the;5.4644885735316485e-18
ability;6.5714044966235225e-18
to;7.010446718231572e-18
know;7.086455851213498e-18
the;5.89887199847463e-18
thoughts;7.2358837690006e-18
of;7.1708176719616e-18
God;1.3952267535184465e-17
or;8.473547327987893e-18
engage;6.719109251361683e-18
in;5.8024450482844885e-18
religious;7.832202824707965e-18
beliefs.;0.9999999999999993
However,;1.9651392730146577e-17
from;5.791240051761568e-18
a;5.4962834685852285e-18
philosophical;1.1815710214374363e-17
perspective,;1.0863168422967398e-17
the;6.0911662209984875e-18
thoughts;7.187676717645925e-18
of;6.043596791724558e-18
God;1.2942294768366634e-17
are;7.544004005626355e-18
often;6.8650132181752435e-18
considered;6.954311736653302e-18
to;5.896874105218598e-18
be;5.561622717861407e-18
beyond;6.446131036846607e-18
human;6.1649921715413545e-18
comprehension;8.32570036854418e-18
and;6.368525239541963e-18
understanding.;1.2388349021266631e-17
Many;6.67729551776186e-18
religious;8.522443086865076e-18
traditions;9.528075192930554e-18
believe;8.141959442132453e-18
in;6.155026301504526e-18
a;5.727657230628271e-18
divine;7.110725358172344e-18
being;6.999062523152641e-18
who;6.418942198940966e-18
created;6.810909038482529e-18
and;5.769576744919904e-18
governs;6.657079386551196e-18
the;5.274508502384282e-18
universe,;7.631853868921727e-18
but;7.826596501892781e-18
the;6.1562735044290796e-18
exact;6.113717878419441e-18
nature;5.984201955799406e-18
of;6.222914824752667e-18
this;5.691129974648533e-18
being;6.586537261426033e-18
and;5.877657676909716e-18
its;5.572620101322255e-18
thoughts;7.59320363506914e-18
remain;6.25705857959235e-18
a;5.320340614831689e-18
mystery.;1.3790168709558456e-17
Some;6.332658126487687e-18
people;6.584854647006919e-18
might;6.3774861529381655e-18
say;7.538000992161219e-18
that;6.616691288599335e-18
the;5.60151518149098e-18
best;5.8367334115214585e-18
way;5.832330095802958e-18
to;5.810045724972009e-18
understand;6.865156639602701e-18
the;5.425112297635669e-18
thoughts;6.238445172514354e-18
of;5.818828609205549e-18
God;7.968170207317386e-18
is;7.16813679124287e-18
through;5.9557180310229646e-18
prayer,;1.0250502874250225e-17
meditation,;8.078700655521261e-18
and;5.8286895060255786e-18
contemplation;6.898102769948147e-18
of;5.7157014425214424e-18
religious;5.9630452364934514e-18
texts;5.9521488932399825e-18
and;5.5940224201324265e-18
teachings.;1.0832785187938503e-17
Ultimately,;1.064210777750859e-17
the;5.5361162178639725e-18
question;6.3405519637290194e-18
of;6.367603747647995e-18
the;5.473645807832478e-18
thoughts;5.775606284296695e-18
of;5.723619781057581e-18
God;5.949188760084636e-18
remains;6.7718072224601836e-18
a;5.613485483507709e-18
deeply;5.5803896548346954e-18
personal;6.234315115527978e-18
and;5.4645510692842645e-18
subjective;6.191349828065733e-18
matter,;6.9144555150833046e-18
and;5.975635140082283e-18
people;6.438662108717905e-18
may;5.932412166012819e-18
have;5.5685873427956406e-18
different;6.06349199268023e-18
beliefs;6.118046001943943e-18
and;5.397116484855446e-18
perspectives;6.011615657470112e-18
on;5.267700113983623e-18
this;5.1871883156037155e-18
topic.;5.264761949203894e-18
