text;attention
To;0.01908990995233483
write;0.013674756361678518
a;0.01292840289487318
good;0.013728975027803339
book,;0.030819904385288373
a;0.014673946026974242
person;0.012329385538824044
should;0.011876920901283342
study;0.015232728594773873
various;0.016389773327932428
subjects;0.01355769573018824
such;0.014532983762262745
as:;0.032584664948654335
Storytelling;0.03375376190183137
and;0.014288710132263653
plot;0.01037933437127074
development;0.014412547271224579
Character;0.01245088416237878
development;0.014286752269053278
Dialogue;0.015270350130818757
writing;0.015123181777524265
World-building;0.01735221284282055
and;0.010027974587739356
setting;0.009697881399900228
description;0.011536923003101681
Point;0.014157331450086524
of;0.009347329090023618
view;0.011250963031077595
(POV);0.022668038339703586
Show;0.00967458238874477
vs;0.00942727744383204
Tell;0.010302491396363281
technique;0.013583905950223208
Pacing;0.015297519594053972
and;0.008933860313453206
flow;0.00938526408867804
Grammar;0.00999342124289175
and;0.008903129886976951
syntax;0.009604513159529244
The;0.012490994737550476
writing;0.00943712442824174
process;0.009886747109407944
and;0.009363477362464252
revision;0.009710812359039365
techniques;0.012152679173158674
In;0.013542037304928247
addition;0.015509189618996883
to;0.010814767945538645
studying;0.010326715051517792
these;0.009557203486995495
topics,;0.0206869095392206
a;0.010625473509336573
person;0.009598861360100991
can;0.01165748024747881
also;0.009472775970389402
benefit;0.01216763473234891
from;0.011031201410110653
reading;0.011897787089189338
a;0.009903022114707527
variety;0.01401163155821149
of;0.009840399520630297
books;0.00965367578562529
in;0.008670078691166908
their;0.008830862187179805
chosen;0.008187159543162122
genre,;0.01279671611626252
participating;0.010430359969924329
in;0.00976522997281673
writing;0.009789293416804313
workshops;0.009178499763450556
and;0.008479132972906233
communities,;0.010721552485559269
and;0.008603749329093162
seeking;0.008849123377887003
feedback;0.009015166803031117
from;0.008890160267538099
other;0.008515712591907148
writers;0.008383647729438266
and;0.00801418588161786
beta;0.008266574176123946
readers.;0.008744004630504785
