text;attention
Let's;0.018123862597423823
say;0.011377781051106591
you;0.009779749418767367
want;0.009341703738504927
to;0.008666711871701217
find;0.009661580582290474
the;0.00933881907849319
length;0.01459116761628845
of;0.009199303610737636
the;0.008630719846369657
hypotenuse;0.041664751638033
of;0.009236750315792441
a;0.008972560737585133
right;0.009313799674254991
triangle;0.012086969810957481
where;0.01053893981597049
the;0.009186943029200765
lengths;0.010116091745201733
of;0.008387313587557517
the;0.008377686540895123
two;0.008506156976373316
sides;0.010667682083243438
are;0.009327507417192517
4;0.017475387873863005
units;0.013627565595305837
and;0.009302790706748831
5;0.01526052076284215
units.;0.01715210434664794
Using;0.0101429838358183
the;0.00938154013954824
Pythagorean;0.014507194823689281
Theorem,;0.01806754659496085
you;0.00931752600241781
can;0.009177269023030465
calculate;0.010606946609236894
the;0.009051064111267316
length;0.008899869105880897
of;0.008233973136657398
the;0.008585218158280429
hypotenuse;0.012229862957854682
as;0.009379849321429894
follows:;0.016229445552932018
c*2;0.03719731162627257
=;0.010575185837693866
a2;0.01818149550804563
+;0.0088999424441495
b*2;0.01747775223782087
Where;0.012550278036262859
c;0.010016372327220966
is;0.009140970173177105
the;0.00878316226705021
length;0.008600130941798406
of;0.0080343894349675
the;0.007964213748171488
hypotenuse,;0.014177899495352132
ais;0.012575532309509427
4;0.010357541720137307
units,;0.010327563011975323
and;0.008470721273807848
b;0.008549810068863024
is;0.008187084429565537
5;0.01007109868069878
units,;0.010550678675501366
c42;0.014425439457235567
=;0.009171069279739466
442;0.010883109803939148
+;0.008516791488061393
542.c42;0.017944146316566274
=;0.008367212195007218
16;0.009793415061995344
+;0.008352015220544214
2542;0.012316015211958933
=;0.008500438092256198
41;0.01004795636434401
c=;0.010497872875826316
V41;0.010681379465193333
c;0.008209618352264159
=;0.008056081534912076
6.4;0.014595035908347898
units;0.009790575831367564
So;0.00945443111004247
the;0.008572898291293865
length;0.008340519539965691
of;0.008023276415475898
the;0.0078012792118043505
hypotenuse;0.009289732052619886
is;0.00835429516887938
6.4;0.009531395243789872
units.;0.008071654816174322
