text;attention
Here;0.024988910995383598
is;0.02459787108923832
an;0.02347877715963014
example;0.024857936876901993
python;0.027759228741517535
program;0.02668921260455151
that;0.025870028163672378
runs;0.024732974943501376
shellscript.sh;0.05496312528047121
every;0.025893544309128137
60;0.029153962777971866
minutes:;0.04519077452235978
import;0.02812922054407143
time;0.03107312246198073
import;0.024438178644973704
subprocess;0.031101572659029506
while;0.025953820277913084
True:;0.03422024052703326
#;0.027159949434614077
Run;0.026476462670523216
the;0.02473328047337698
shell;0.02391056313100745
script;0.02607331860615617
"subprocess.run([""./shellscript.sh""])";0.06074746010591641
#;0.0253309134935208
Wait;0.02533304660993278
for;0.023312299977448672
60;0.025547201097475974
minutes;0.02676997823317685
before;0.023459259881269987
running;0.02248929461348565
again;0.023436489273946527
time.sleep(60;0.03415529631444565
*;0.024236152164580874
60);0.023736531339792297
