text;attention
As;8.319839660106596e-15
of;8.08268260224298e-15
today,;9.96738904398216e-15
Amazon;1.2758524251728129e-14
recommends;1.1421845898592768e-14
using;8.11786495742453e-15
the;7.0866836197491875e-15
open;7.955185899036894e-15
source;8.51507164631143e-15
“epub’;3.179646975269883e-14
format.;0.9999999999992364
To;8.552977358848772e-15
convert;1.1466226809354562e-14
your;9.015435718881132e-15
e-;8.856902020962384e-15
book;1.2763482701367031e-14
to;8.61104628081896e-15
the;7.377804382872263e-15
epub;1.4713861236147434e-14
format;8.693560968586926e-15
in;7.796868665750054e-15
python,;1.6063592907456174e-14
you;7.198918261843949e-15
can;7.532850792188586e-15
use;7.841758407228003e-15
the;7.829326645904114e-15
‘ebooklib’;1.5088887919247783e-14
python;8.132019615329912e-15
library.;1.0563698636558226e-14
Still;7.947538078881053e-15
to;7.36054736864356e-15
have;8.055260046146636e-15
a;7.228343959938714e-15
properly;9.235269167787827e-15
formatted;1.2825031799334166e-14
e-book,;1.759441642474513e-14
you;7.06099537821449e-15
should;7.83181191064735e-15
go;7.439883920275295e-15
over;8.014018906813962e-15
the;7.411446418078748e-15
formatting;1.1321023553397993e-14
to;7.559702514687249e-15
have;8.670687964007543e-15
the;7.962342503466422e-15
text;9.45497041831997e-15
paragraphs,;1.4319389593101543e-14
headings;1.022299429985878e-14
and;7.309902019360514e-15
images;9.086603384393859e-15
properly;7.758254370157976e-15
aligned.;1.0646899302723445e-14
To;7.290076476305875e-15
achieve;7.591069003524029e-15
this;7.265574397725508e-15
you;7.0997373102184405e-15
can;7.218065170812157e-15
use;7.469506159434515e-15
additional;7.561304205871755e-15
‘HTML’;1.1074288814344867e-14
tags;8.353114162821467e-15
for;7.178009679104734e-15
example.;8.335952564022729e-15
In;7.013890475070965e-15
any;7.0058234939673204e-15
case;7.954892632753298e-15
you;6.9131713678829955e-15
should;7.008639459848514e-15
check;7.763114854215467e-15
the;7.097484724484736e-15
output;8.18226177864411e-15
if;7.574036169282561e-15
all;7.421090436397585e-15
the;7.042294632292196e-15
formatting;8.024841435454135e-15
meets;7.995345897282918e-15
your;7.1228017283527e-15
expectations;7.641851922952966e-15
before;7.772417810693013e-15
you;6.986094173030117e-15
publish;8.31440450066395e-15
and;7.034178761813225e-15
reformat;7.739725221552189e-15
if;7.45135975596738e-15
it;6.874689591918674e-15
doesn't.;8.863728810512241e-15
