;number;text;x1;y1;x2;y2;fixations;fix_duration;first_fix_duration;fix_number;pupil_l;pupil_r;y;diff_y;line;distance;pupil;fix_duration_avg;fix_distance
0;0;A;206;137;217;155;[];0.0;0.0;0;;;146.0;;1;933.4379347496385;;;[]
1;1;planar;226;136;281;161;[];0.0;0.0;0;;;148.5;2.5;1;886.2114094219678;;;[]
2;2;graph;288;136;338;161;[2598, 2610, 2616];1.2783;0.3723;3;20.0401;22.5643;148.5;0.0;1;850.2715339170603;21.3;0.4261;[36.641279999999995, 34.66592, 3.2076800000000105]
3;3;is;347;137;359;156;[2617];0.3883;0.3883;1;24.7624;24.004;146.5;2.0;1;841.6455870434245;24.38;0.3883;[40.96256400224967]
4;4;a;367;141;376;156;[];0.0;0.0;0;;;148.5;2.0;1;831.7007210467419;;;[]
5;5;type;384;138;422;161;[2611, 2615];0.8571;0.4203;2;23.2491;21.9256;149.5;1.0;1;801.7696376077548;22.59;0.4285;[50.3536, 36.18806963769136]
6;6;of;430;136;447;156;[];0.0;0.0;0;;;146.0;3.5;1;792.7626296626693;;;[]
7;7;graph;454;136;504;161;[2599, 2612, 2613, 2614];1.1963;0.307;4;25.0549;23.5504;148.5;2.5;1;760.412526849519;24.3;0.2991;[66.18368, 16.19296, 32.89344, 36.66176]
8;8;that;512;136;548;156;[2600, 2618];0.6311;0.4043;2;21.1923;20.4546;146.0;2.5;1;745.5630440074605;20.82;0.3156;[65.77408, 57.582080000000005]
9;9;can;555;141;584;156;[];0.0;0.0;0;;;148.5;2.5;1;731.3795554906293;;;[]
10;10;be;593;136;613;156;[];0.0;0.0;0;;;146.0;2.5;1;721.0590243452131;;;[]
11;11;drawn;621;136;674;156;[2620];0.2263;0.2263;1;24.1541;22.9747;146.0;0.0;1;702.7699183869998;23.56;0.2263;[0.27263999999999555]
12;12;on;683;141;703;156;[2621];0.3232;0.3232;1;23.7932;22.5961;148.5;2.5;1;695.7841767313126;23.19;0.3232;[66.83264]
13;13;a;712;141;720;156;[];0.0;0.0;0;;;148.5;0.0;1;692.2213632861026;;;[]
14;14;flat;728;136;757;156;[2619];0.226;0.226;1;23.1857;21.9139;146.0;2.5;1;685.8610085065854;22.55;0.226;[35.01476074242976]
15;15;surface,;764;136;833;160;[2622];0.2911;0.2911;1;22.7765;21.6114;148.0;2.0;1;674.9644675311956;22.19;0.2911;[36.55680000000001]
16;16;such;842;136;881;156;[];0.0;0.0;0;;;146.0;2.0;1;678.53952;;;[]
17;17;as;890;141;908;156;[];0.0;0.0;0;;;148.5;2.5;1;679.3440717263016;;;[]
18;18;a;916;141;925;156;[2623];0.3397;0.3397;1;23.4075;22.1258;148.5;0.0;1;681.1043337034866;22.77;0.3397;[54.61632]
19;19;piece;934;137;979;161;[2605, 2624];0.5665;0.3075;2;23.1392;21.0759;149.0;0.5;1;677.9326065249188;22.11;0.2833;[20.519999999999996, 78.5136]
20;20;of;987;136;1004;156;[];0.0;0.0;0;;;146.0;3.0;1;690.8904478929134;;;[]
21;21;paper,;1011;141;1066;161;[];0.0;0.0;0;;;151.0;5.0;1;690.9325221681712;;;[]
22;22;without;214;241;280;260;[];0.0;0.0;0;;;250.5;99.5;2;814.2258480481141;;;[]
23;23;any;287;246;318;265;[2606, 2625];1.0515;0.6473;2;16.256;23.0088;255.5;5.0;2;784.1169231879073;19.63;0.5258;[30.130560000000003, 40.19554791219548]
24;24;edges;326;241;378;265;[2607, 2609];0.5497;0.2425;2;18.3284;23.1261;253.0;2.5;2;744.1543423441608;20.73;0.2748;[10.67168000000001, 37.84863999999999]
25;25;crossing;386;242;458;265;[2608];0.3396;0.3396;1;24.8983;23.8611;253.5;0.5;2;695.3661864296181;24.38;0.3396;[48.12608]
26;26;each;467;241;506;260;[];0.0;0.0;0;;;250.5;3.0;2;673.2455697809459;;;[]
27;27;other.;515;241;566;260;[];0.0;0.0;0;;;250.5;0.0;2;644.0077120886601;;;[]
28;28;This;575;241;611;260;[];0.0;0.0;0;;;250.5;0.0;2;624.9685473923232;;;[]
29;29;means;619;246;677;260;[];0.0;0.0;0;;;253.0;2.5;2;602.0603415187471;;;[]
30;30;that;684;241;720;260;[];0.0;0.0;0;;;250.5;2.5;2;590.6354168433099;;;[]
31;31;the;727;241;754;260;[];0.0;0.0;0;;;250.5;0.0;2;583.6898029173291;;;[]
32;32;edges;762;241;814;265;[];0.0;0.0;0;;;253.0;2.5;2;571.1564819116303;;;[]
33;33;of;822;241;839;260;[];0.0;0.0;0;;;250.5;2.5;2;574.8197648216965;;;[]
34;34;a;846;246;854;260;[];0.0;0.0;0;;;253.0;2.5;2;574.5470790367579;;;[]
35;35;planar;863;241;919;265;[2636];0.259;0.259;1;21.5571;20.9583;253.0;0.0;2;569.571682257528;21.26;0.259;[30.5446751104018]
36;36;graph;926;241;976;265;[2637];0.4041;0.4041;1;17.4955;18.0598;253.0;0.0;2;573.7103398315829;17.78;0.4041;[50.16672]
37;37;can;984;246;1013;260;[];0.0;0.0;0;;;253.0;0.0;2;588.4199809911884;;;[]
38;38;only;1022;241;1058;265;[];0.0;0.0;0;;;253.0;0.0;2;592.9736011237519;;;[]
39;39;intersect;224;346;300;365;[2626];0.6146;0.6146;1;22.6617;21.7278;355.5;102.5;3;728.4624523128632;22.19;0.6146;[11.807360000000017]
40;40;at;308;347;324;365;[2628];0.3234;0.3234;1;23.4083;23.2143;356.0;0.5;3;710.281689775029;23.31;0.3234;[0.019200000000012096]
41;41;vertices,;332;346;406;370;[2627, 2629];1.0192;0.6956;2;23.0066;23.3488;358.0;2.0;3;647.4182132359813;23.18;0.5096;[26.120313194324428, 15.626880000000028]
42;42;and;415;346;446;365;[];0.0;0.0;0;;;355.5;2.5;3;623.9751293358338;;;[]
43;43;not;456;347;483;365;[2630];0.372;0.372;1;22.7728;22.2203;356.0;0.5;3;600.2531709451192;22.5;0.372;[21.736640000000023]
44;44;in;491;346;505;365;[];0.0;0.0;0;;;355.5;0.5;3;586.7999594663163;;;[]
45;45;the;513;346;541;365;[];0.0;0.0;0;;;355.5;0.0;3;565.9416878351253;;;[]
46;46;middle;549;346;608;365;[2631];0.3722;0.3722;1;22.9415;21.8964;355.5;0.0;3;531.4527911580392;22.42;0.3722;[34.08960000000002]
47;47;of;616;346;633;365;[];0.0;0.0;0;;;355.5;0.0;3;520.2112159783471;;;[]
48;48;the;639;346;667;365;[];0.0;0.0;0;;;355.5;0.0;3;506.5049848023911;;;[]
49;49;edge.;675;346;722;370;[2632];0.4368;0.4368;1;22.5431;21.6853;358.0;2.5;3;483.7434365752888;22.11;0.4368;[30.55680000000001]
50;50;A;731;347;743;365;[2633];0.3073;0.3073;1;21.8689;21.5802;356.0;2.0;3;483.1680093193986;21.72;0.3073;[13.063359999999989]
51;51;plane;751;346;798;370;[];0.0;0.0;0;;;358.0;2.0;3;468.26460258028305;;;[]
52;52;graph;806;346;856;370;[2634];0.3721;0.3721;1;22.0332;21.1888;358.0;0.0;3;464.54048567339146;21.61;0.3721;[23.542399999999986]
53;53;is;865;346;877;365;[2635];0.2908;0.2908;1;22.1103;20.5767;355.5;2.5;3;469.6085693741868;21.34;0.2908;[34.23295999999999]
54;54;similar;885;346;945;365;[];0.0;0.0;0;;;355.5;0.0;3;470.37678559817385;;;[]
55;55;to;952;347;968;365;[];0.0;0.0;0;;;356.0;0.5;3;479.06408300943457;;;[]
56;56;a;976;351;985;365;[];0.0;0.0;0;;;358.0;2.0;3;484.3974917664938;;;[]
57;57;planar;994;346;1049;370;[];0.0;0.0;0;;;358.0;0.0;3;484.33504480851934;;;[]
58;58;graph;226;450;276;475;[2638];0.2589;0.2589;1;22.216;21.5957;462.5;104.5;4;683.2044464358165;21.91;0.2589;[29.760640000000024]
59;59;in;286;451;299;470;[];0.0;0.0;0;;;460.5;2.0;4;666.4789116166171;;;[]
60;60;that;307;450;343;470;[];0.0;0.0;0;;;460.0;0.5;4;630.1037898867697;;;[]
61;61;it;351;451;361;470;[];0.0;0.0;0;;;460.5;0.5;4;615.5101029468733;;;[]
62;62;can;368;455;397;470;[];0.0;0.0;0;;;462.5;2.0;4;586.8905250808455;;;[]
63;63;also;406;450;440;470;[2639];0.3237;0.3237;1;20.4634;20.1368;460.0;2.5;4;553.8357421019977;20.3;0.3237;[23.045423592757004]
64;64;be;449;450;469;470;[];0.0;0.0;0;;;460.0;0.0;4;532.3458383698237;;;[]
65;65;drawn;477;450;530;470;[2640];0.3071;0.3071;1;21.8453;21.577;460.0;0.0;4;489.6769682450569;21.71;0.3071;[50.51711999999998]
66;66;on;539;455;559;470;[];0.0;0.0;0;;;462.5;2.5;4;470.80951098047126;;;[]
67;67;a;567;455;576;470;[];0.0;0.0;0;;;462.5;0.0;4;460.23949290523785;;;[]
68;68;flat;584;450;612;470;[];0.0;0.0;0;;;460.0;2.5;4;439.19038289752024;;;[]
69;69;surface;620;450;683;470;[2641];0.3236;0.3236;1;20.1738;19.7598;460.0;0.0;4;403.91421122519375;19.97;0.3236;[32.412800000000004]
70;70;without;691;450;758;470;[];0.0;0.0;0;;;460.0;0.0;4;377.72954614336226;;;[]
71;71;any;765;455;796;475;[2642, 2644];0.4048;0.3074;2;22.7639;21.4423;465.0;5.0;4;364.6686545751779;22.1;0.2024;[48.72800000000001, 0.0]
72;72;edges;804;450;856;475;[];0.0;0.0;0;;;462.5;2.5;4;359.5407676879917;;;[]
73;73;crossing;864;451;935;475;[2643];0.3878;0.3878;1;24.6304;23.5166;463.0;0.5;4;359.6086879229566;24.07;0.3878;[29.634239999999977]
74;74;each;944;450;984;470;[];0.0;0.0;0;;;460.0;3.0;4;374.78960982085727;;;[]
75;75;other.;993;450;1044;470;[];0.0;0.0;0;;;460.0;0.0;4;389.1007916076121;;;[]
76;76;However,;213;556;295;579;[];0.0;0.0;0;;;567.5;107.5;5;617.3209067168149;;;[]
77;77;the;303;555;331;575;[2645, 2651];0.615;0.3722;2;23.9231;23.6684;565.0;2.5;5;586.4991215932641;23.8;0.3075;[0.0, 39.96320000000003]
78;78;difference;339;555;427;575;[2646, 2652];0.1941;0.1132;2;20.1827;13.1034;565.0;0.0;5;502.210471047419;16.64;0.097;[7.006399999999985, 1.0716800000000148]
79;79;is;435;556;447;575;[];0.0;0.0;0;;;565.5;0.5;5;485.19838131394306;;;[]
80;80;that;455;555;490;575;[];0.0;0.0;0;;;565.0;0.5;5;449.4563494152357;;;[]
81;81;a;498;560;506;575;[];0.0;0.0;0;;;567.5;2.5;5;436.4913511510514;;;[]
82;82;plane;515;555;562;580;[];0.0;0.0;0;;;567.5;0.0;5;389.5949409703243;;;[]
83;83;graph;570;555;620;580;[2647];0.4366;0.4366;1;22.0521;17.6671;567.5;0.0;5;347.7561542657016;19.86;0.4366;[27.06655999999998]
84;84;may;629;560;666;580;[];0.0;0.0;0;;;570.0;2.5;5;318.19993782160054;;;[]
85;85;have;675;555;716;575;[];0.0;0.0;0;;;565.0;5.0;5;295.34196388198956;;;[]
86;86;overlapping;724;555;827;580;[2648, 2649];0.5503;0.3076;2;19.9415;17.0165;567.5;2.5;5;256.2951463248386;18.48;0.2752;[43.37887999999998, 11.573440000000005]
87;87;edges,;836;555;893;580;[];0.0;0.0;0;;;567.5;0.0;5;254.53952000000004;;;[]
88;88;meaning;903;556;978;580;[];0.0;0.0;0;;;568.0;0.5;5;258.6720464790705;;;[]
89;89;that;986;555;1022;575;[2650];0.3073;0.3073;1;24.6393;23.5844;565.0;3.0;5;289.85407989136604;24.11;0.3073;[15.199145545668046]
90;90;two;1029;557;1060;575;[];0.0;0.0;0;;;566.0;1.0;5;311.38870954109814;;;[]
91;91;or;209;665;226;680;[];0.0;0.0;0;;;672.5;106.5;6;649.5974387493153;;;[]
92;92;more;234;665;279;680;[];0.0;0.0;0;;;672.5;0.0;6;598.2519780407504;;;[]
93;93;edges;287;660;339;685;[];0.0;0.0;0;;;672.5;0.0;6;539.1023743498729;;;[]
94;94;can;347;665;376;680;[];0.0;0.0;0;;;672.5;0.0;6;505.1659850283572;;;[]
95;95;occupy;384;665;446;685;[];0.0;0.0;0;;;675.0;2.5;6;437.3095805372556;;;[]
96;96;the;453;660;481;680;[2653];0.291;0.291;1;11.3402;18.5659;670.0;5.0;6;406.47110651271447;14.95;0.291;[6.387200000000007]
97;97;same;489;665;536;680;[2654];0.3397;0.3397;1;22.4218;20.5182;672.5;2.5;6;356.2156206985742;21.47;0.3397;[35.567679999999996]
98;98;space;544;665;593;685;[];0.0;0.0;0;;;675.0;2.5;6;303.36478442573133;;;[]
99;99;on;601;665;621;680;[];0.0;0.0;0;;;672.5;2.5;6;282.052378876106;;;[]
100;100;the;630;660;657;680;[2655];0.3556;0.3556;1;22.0506;19.3799;670.0;2.5;6;252.7080252577477;20.72;0.3556;[44.27904000000001]
101;101;surface.;665;660;734;680;[];0.0;0.0;0;;;670.0;0.0;6;197.48032112003068;;;[]
102;102;In;744;661;760;679;[2656];0.259;0.259;1;22.0947;20.9736;670.0;0.0;6;183.2793001669049;21.53;0.259;[29.052842543861345]
103;103;summary,;769;665;858;685;[];0.0;0.0;0;;;675.0;5.0;6;149.53952000000004;;;[]
104;104;both;868;660;905;680;[2657];0.4365;0.4365;1;19.1487;25.3085;670.0;5.0;6;154.93426873894109;22.23;0.4365;[18.51520000000005]
105;105;planar;915;660;970;685;[2659];0.2103;0.2103;1;24.131;22.3706;672.5;2.5;6;160.41257939971666;23.25;0.2103;[7.1590400000000045]
106;106;and;977;660;1008;680;[2658];0.4207;0.4207;1;25.1851;24.9364;670.0;2.5;6;195.6914357596428;25.06;0.4207;[17.573120000000017]
107;107;plane;1017;660;1064;685;[];0.0;0.0;0;;;672.5;2.5;6;219.04101631810968;;;[]
108;108;graphs;234;765;294;789;[2660];0.4042;0.4042;1;26.418;26.2656;777.0;104.5;7;564.7861523352626;26.34;0.4042;[10.991235182708088]
109;109;are;302;770;329;784;[];0.0;0.0;0;;;777.0;0.0;7;530.360715994002;;;[]
110;110;graphs;337;765;397;789;[];0.0;0.0;0;;;777.0;0.0;7;462.19614307095907;;;[]
111;111;that;405;765;440;784;[2661];0.3396;0.3396;1;20.23;23.046;774.5;2.5;7;419.99906031998506;21.64;0.3396;[6.63584000000003]
112;112;can;448;770;477;784;[];0.0;0.0;0;;;777.0;2.5;7;383.2937748903189;;;[]
113;113;be;486;765;506;784;[];0.0;0.0;0;;;774.5;2.5;7;354.5675961924192;;;[]
114;114;drawn;514;765;567;784;[];0.0;0.0;0;;;774.5;0.0;7;294.31891184507737;;;[]
115;115;on;576;770;596;784;[];0.0;0.0;0;;;777.0;2.5;7;265.7963210235808;;;[]
116;116;a;604;770;613;784;[];0.0;0.0;0;;;777.0;0.0;7;249.12743620418536;;;[]
117;117;flat;621;765;649;784;[];0.0;0.0;0;;;774.5;2.5;7;214.00065670382983;;;[]
118;118;surface,;657;765;726;789;[2662];0.3395;0.3395;1;26.3443;24.6727;777.0;2.5;7;138.63988268052745;25.51;0.3395;[21.63743999999997]
119;119;but;736;765;763;784;[];0.0;0.0;0;;;774.5;2.5;7;106.67858018210786;;;[]
120;120;a;771;770;779;784;[];0.0;0.0;0;;;777.0;2.5;7;92.89784211525267;;;[]
121;121;planar;789;765;844;789;[2663];0.3236;0.3236;1;25.3192;24.3249;777.0;0.0;7;47.34424853844874;24.82;0.3236;[18.25441855656877]
122;122;graph;851;765;901;789;[2664];0.4042;0.4042;1;25.0572;20.3108;777.0;0.0;7;45.53952000000004;22.68;0.4042;[7.351577692332461]
123;123;does;910;765;950;784;[];0.0;0.0;0;;;774.5;2.5;7;73.27238681570566;;;[]
124;124;not;959;766;986;784;[];0.0;0.0;0;;;775.0;0.5;7;113.88159232145637;;;[]
125;125;allow;994;765;1039;784;[];0.0;0.0;0;;;774.5;0.5;7;146.07434090103018;;;[]
126;126;overlapping;326;870;429;894;[2665];0.2429;0.2429;1;29.4646;24.8906;882.0;107.5;8;429.41384657422316;27.18;0.2429;[18.12415999999996]
127;127;edges,;438;870;495;894;[];0.0;0.0;0;;;882.0;0.0;8;363.6801083777754;;;[]
128;128;while;504;870;549;889;[];0.0;0.0;0;;;879.5;2.5;8;309.9821343717577;;;[]
129;129;a;557;875;566;889;[];0.0;0.0;0;;;882.0;2.5;8;293.74704020580435;;;[]
130;130;plane;575;870;622;894;[2666];0.3234;0.3234;1;26.653;25.1283;882.0;0.0;8;237.60814891259605;25.89;0.3234;[34.672000000000025]
131;131;graph;630;870;680;894;[2667];0.3398;0.3398;1;25.8753;24.6035;882.0;0.0;8;180.4653906699853;25.24;0.3398;[37.447040000000015]
132;132;may;689;875;726;894;[];0.0;0.0;0;;;884.5;2.5;8;137.05553483778178;;;[]
133;133;have;734;870;775;889;[];0.0;0.0;0;;;879.5;5.0;8;89.29047670200002;;;[]
134;134;overlapping;783;870;887;894;[2668, 2669];0.4365;0.3718;2;27.2428;25.6192;882.0;2.5;8;35.46047999999996;26.43;0.2183;[36.75072, 35.46047999999996]
135;135;edges.;896;870;952;894;[];0.0;0.0;0;;;882.0;0.0;8;52.75004103951382;;;[]
