text;attention
Unfortunately,;0.0034025947620250274
I;0.0005688703143921412
cannot;0.00043153458098295783
provide;0.0003068697027937995
a;0.0008419356535942238
script;0.0004968203103700059
to;0.000960427479180571
scrape;0.0003499860793557091
all;0.0003958934882436587
available;0.000357782999008159
rental;0.00041219391851506055
properties;0.0004866920634949417
in;0.0009558577939667881
Sydney;0.0004416281202947698
from;0.0004937353904383107
realestate.com.au;0.8788872435051991
as;0.00044208745997447065
it;0.0003100037419610613
is;0.0003918004287177098
against;0.00036033349532560855
the;0.0030709218263260192
website's;0.0020517773316968326
terms;0.00033320132178047367
of;0.0004783558756595276
use;0.0004079582768373111
and;0.001145736954252549
could;0.000394627221219596
result;0.00032386018192229784
in;0.00040658408029160055
legal;0.000353121935675506
consequences.;0.0123650443071251
Scraping;0.0004866439107586372
websites;0.0004072043208768579
for;0.0006531544028620435
data;0.0003937938847312685
is;0.000615777953897066
also;0.00034532047123956666
an;0.0006106522556911097
unethical;0.0007017378715988959
practice;0.00036777146840980717
that;0.0005310315329274715
undermines;0.0006051502183605362
the;0.0018520306413451733
efforts;0.0003189030750308903
of;0.0005532033015332562
the;0.0022330126107710886
website's;0.0020437968482930977
owners;0.0004663616562976606
and;0.001023681712554889
developers.;0.004841350239971844
Additionally,;0.0012949553773613802
it;0.00032035802340131514
may;0.0003685446405573246
impact;0.0003354133288731559
the;0.0013261756896783205
performance;0.0004134203156720043
of;0.0006436444766192299
the;0.002394131724898796
website,;0.002560962223090556
affecting;0.00030062875002108516
its;0.000371767265386071
availability;0.000400992124228439
for;0.0004657955463679628
other;0.0003614027706751282
users.;0.0088118609934994
I;0.000681505873556755
suggest;0.0003351662564435548
exploring;0.0003431258764546371
alternative;0.00033250731077057725
methods;0.0004085369749606113
to;0.0011828004926018418
obtain;0.0003285810991129395
the;0.0028927784844913606
information;0.0003450715514447535
you;0.0004621612755121397
need,;0.0016772461843127654
such;0.000363581253212684
as;0.00047129361291367914
using;0.0003294614746345563
the;0.002784784184593908
website's;0.0022183209584507924
public;0.0004291113235054931
API;0.00042864569075450455
(if;0.0007761005804228293
available);0.0006136167970821787
or;0.00043092726195408256
reaching;0.00032201240765645405
out;0.0002991092260170406
to;0.0007451496847754223
the;0.002485184062053212
website's;0.002369360588063591
customer;0.0003716219193201885
support;0.00043333362750379474
to;0.0006917387912394148
see;0.0003222834850130326
if;0.00035151779804644704
they;0.0003907075815333174
can;0.00035911923996606105
provide;0.00030258868917477374
the;0.0023381498839634605
data;0.0003869765174394597
in;0.00039418805846704714
a;0.0005092178627342279
way;0.00031376839351548953
that;0.00042676498212299057
is;0.0005088026987227883
compliant;0.0003842072535896721
with;0.00033565876280992885
their;0.0003710580883818054
terms;0.00031770263082768875
of;0.0004777113066046766
use.;0.01391062971516915
