text;attention
Try;0.025916423346297277
out;0.01592881017191464
different;0.01587721164452187
disciplines,;0.06449825425712054
such;0.021726795346105447
as;0.014944361509816633
UI/UX;0.019277065101489483
design,;0.018154281559474156
cybersecurity,;0.019956743990580884
machine;0.01289142761701478
learning;0.013294504909133732
and;0.013842029427712762
much;0.014089256914564792
more,;0.020877835322913776
and;0.016588749475456775
see;0.01624912724609006
which;0.015290975939509706
one;0.01400568908574716
fits;0.01583381866134719
you;0.013737039274571391
best.;0.023590084286055267
There;0.01727244012354549
are;0.014562307460725945
many;0.0147989192868882
free;0.015598641411989326
courses;0.018900113148045638
and;0.01379159160976312
material;0.018305650918420423
online,;0.019420104405085875
such;0.016911418315326877
as;0.014001539889175576
Harvard;0.014698754889765402
University's;0.019477233151136863
CS50;0.017545435602629503
and;0.013767617449511643
the;0.012773509050240692
various;0.013506915699172029
courses;0.0152421653510836
offered;0.014365701873461891
by;0.012848765182093791
freeCodeCamp,;0.019405645893601286
that;0.014854946355673112
give;0.01433319922229417
you;0.014141184120879688
the;0.012541836295222483
opportunity;0.016015835479921345
to;0.013276440441385194
earn;0.014576819737349436
a;0.012348604921015994
real;0.012952791230587277
certificate;0.015851865782298663
and;0.01303745313573892
get;0.013298452807693706
a;0.012322564063666053
job;0.018546733477981907
in;0.013625607285571252
the;0.012562444800279125
IT;0.013172759516209116
industry;0.013381078793768536
more;0.01228507723118712
easily.;0.013109349502175372
