text;attention
Here;0.00828711780492251
is;0.007839006345268597
an;0.0067823109283316856
example;0.00870070554725393
code;0.008032243830775318
to;0.006815466212586147
connect;0.007898127429723895
to;0.006766417005327718
a;0.006321023133560514
FTP;0.010577031607655189
server;0.006801040916812944
using;0.007266914256678826
Python's;0.017143181599100263
built-in;0.01202422123368961
ftplib;0.014679864525392994
module:;0.011368265073755395
***;0.008720991995814472
py;0.006817984309410115
import;0.008510241261605645
ftplib;0.013526497908696408
#;0.008788345964402625
FTP;0.008635037904169843
server;0.006189809718856855
credentials;0.006481495325850374
FTP_HOST;0.016428933133463292
=;0.007616131265113259
‘ftp.example.com';0.08566716606299794
FTP_USER;0.015224895260736252
=;0.007042975666685781
‘username’;0.013949010350926142
FTP_PASS;0.013264631598985279
=;0.006592685260744893
'password';0.010417004636264745
#;0.008029486173436788
Connect;0.006914839734781097
to;0.0061068510882905285
FTP;0.00745992617243948
server;0.005865708981597771
ftp;0.007852061995059776
=;0.0067388387680706935
ftplib.FTP(FTP_HOST,;0.10261616103214902
FTP_USER,;0.013262634411083803
FTP_PASS);0.012170749491873294
#;0.007856625222271377
Get;0.00642253958481988
welcome;0.006911861720732942
message;0.0058981771434107625
from;0.006143050044401223
FTP;0.007151904313518144
server;0.00568514190294786
print(ftp.getwelcome());0.046736185692832236
#;0.007411449845829138
List;0.006368115905975968
contents;0.006347074023286058
of;0.006026854229272988
current;0.006065501911303177
directory;0.005999933151563601
ftp.dir();0.015062786368195195
#;0.006797792623152367
Close;0.0064247420952703825
connection;0.006008877100288801
ftp.quit();0.01689328139088263
***;0.006575242719841799
You;0.006572331631910104
will;0.006469870745609228
need;0.006481957196505313
to;0.005804728685047596
replace;0.006461513474252115
FTP_HOST,;0.013437229949793433
FTP_USER,;0.011245996388132272
and;0.005789675840190915
FTP_PASS;0.00884688982372394
with;0.005963227970040586
the;0.005423412325182908
appropriate;0.006218151459843322
values;0.005764222785144349
for;0.005628044388693147
your;0.005640199634993245
FTP;0.006163434326502371
server.;0.006473549489436655
You;0.006051610967824265
can;0.0061338463341269155
then;0.006101732801929192
use;0.0063373702893720135
the;0.00548012902008682
ftp;0.006534228813387773
object;0.005482764749490869
to;0.0056305378100568754
perform;0.005973062011570761
various;0.005999471387493107
FTP;0.006109751101283229
operations;0.005599803364966237
such;0.005668517936620228
as;0.005842504252515479
uploading;0.006749383162427056
and;0.005715157268814608
downloading;0.006457086117824416
files;0.0053056621089857875
or;0.005500643311132603
navigating;0.006404601317104268
directories.;0.005556529843847717
