;number;text;x1;y1;x2;y2;fixations;fix_duration;first_fix_duration;fix_number;pupil_l;pupil_r;y;diff_y;line;distance;pupil;fix_duration_avg;fix_distance
0;0;Obviously;216;398;303;422;[4058.0, 4059.0];0.5498;0.2266;2;11.2597;12.9013;410.0;;1;546.6143157405579;12.08;0.2749;[13.569920000000025, 8.776319999999998]
1;1;the;311;398;338;418;[];0.0;0.0;0;;;408.0;2.0;1;516.1713125818969;;;[]
2;2;Renaissance.;347;399;461;418;[4060.0];0.3074;0.3074;1;12.1485;12.7792;408.5;0.5;1;407.63389055930855;12.46;0.3074;[20.242880000000014]
3;3;It;471;399;484;418;[4061.0];0.6145;0.6145;1;13.6021;14.0354;408.5;0.0;1;388.2965278398951;13.82;0.6145;[1.2351999999999634]
4;4;had;492;398;522;418;[];0.0;0.0;0;;;408.0;0.5;1;357.2999612825593;;;[]
5;5;a;526;394;535;426;[];0.0;0.0;0;;;410.0;2.0;1;342.108017463079;;;[]
6;6;lot;549;398;570;418;[4062.0];1.2776;1.2776;1;13.1586;14.0318;408.0;2.0;1;320.3100172216261;13.6;1.2776;[17.123199999999997]
7;7;of;577;398;594;418;[];0.0;0.0;0;;;408.0;0.0;1;302.97546028105705;;;[]
8;8;different;601;398;676;418;[4063.0];0.4043;0.4043;1;11.7791;13.0362;408.0;0.0;1;252.1332440050665;12.41;0.4043;[13.98975999999999]
9;9;artists;684;400;738;418;[4064.0];0.3396;0.3396;1;12.615;12.9073;409.0;1.0;1;226.1854635747364;12.76;0.3396;[0.0]
10;10;of;746;398;763;418;[4065.0];2.0378;2.0378;1;12.7219;13.1025;408.0;1.0;1;219.84154278142793;12.91;2.0378;[17.420511706652032]
11;11;all;770;398;788;418;[];0.0;0.0;0;;;408.0;0.0;1;216.21920343142145;;;[]
12;12;kind;797;398;832;418;[4066.0];0.0972;0.0972;1;8.6315;12.3008;408.0;0.0;1;215.37472000000002;10.47;0.0972;[6.427520000000015]
13;13;making;842;398;905;422;[4067.0];1.0029;1.0029;1;12.9044;12.3874;410.0;2.0;1;214.237943820693;12.65;1.0029;[19.478400000000022]
14;14;different;914;398;989;418;[4068.0, 4069.0];0.9221;0.5662;2;11.1585;12.1909;408.0;2.0;1;240.4490830353038;11.67;0.4611;[0.0, 3.56031999999999]
15;15;kind;998;398;1033;418;[];0.0;0.0;0;;;408.0;0.0;1;287.8062541581027;;;[]
16;16;of;1042;398;1059;418;[];0.0;0.0;0;;;408.0;0.0;1;318.69799863274704;;;[]
17;17;arts!;212;504;251;522;[];0.0;0.0;0;;;513.0;105.0;2;567.1346850374418;;;[]
18;18;Not;261;504;291;522;[4070.0, 4071.0];0.7761;0.3718;2;10.5333;11.616;513.0;0.0;2;527.9720210129684;11.07;0.3881;[35.72159999999997, 17.135999999999967]
19;19;to;298;504;314;522;[4072.0];0.3562;0.3562;1;12.5364;12.1362;513.0;0.0;2;505.5128680582902;12.34;0.3562;[0.0]
20;20;bash;323;503;363;522;[];0.0;0.0;0;;;512.5;0.5;2;457.8442116839727;;;[]
21;21;on;371;508;391;522;[];0.0;0.0;0;;;515.0;2.5;2;430.7391495702688;;;[]
22;22;Beyonce;401;504;474;527;[4073.0];0.4851;0.4851;1;11.5869;12.0688;515.5;0.5;2;349.66459439371096;11.83;0.4851;[15.023680000000013]
23;23;or;482;508;500;522;[4074.0];0.5662;0.5662;1;12.6434;12.8931;515.0;0.5;2;326.66394562687566;12.77;0.5662;[0.0]
24;24;anything,;507;503;590;527;[4075.0];0.5334;0.5334;1;12.7309;13.1683;515.0;0.0;2;241.75229093540847;12.95;0.5334;[0.24671999999998206]
25;25;but;600;503;628;522;[];0.0;0.0;0;;;512.5;2.5;2;210.8980468674814;;;[]
26;26;these;635;503;682;522;[4076.0];0.5178;0.5178;1;10.9219;10.9415;512.5;0.0;2;167.48772066189926;10.93;0.5178;[0.0]
27;27;are;690;508;718;522;[];0.0;0.0;0;;;515.0;2.5;2;142.62387658635;;;[]
28;28;not;726;504;754;522;[];0.0;0.0;0;;;513.0;2.0;2;123.38153740539303;;;[]
29;29;comparable;761;503;865;527;[4077.0];0.5662;0.5662;1;10.8444;11.6188;515.0;2.0;2;106.37472000000002;11.23;0.5662;[0.0]
30;30;at;873;504;890;522;[];0.0;0.0;0;;;513.0;2.0;2;129.4152161552822;;;[]
31;31;all.;897;503;921;522;[4078.0];0.6794;0.6794;1;10.6;11.4197;512.5;0.5;2;143.13602122637897;11.01;0.6794;[2.303202639803967]
32;32;It's;931;503;958;522;[];0.0;0.0;0;;;512.5;0.0;2;166.60647938336137;;;[]
33;33;like;967;503;996;522;[4079.0];0.5337;0.5337;1;11.8452;12.0584;512.5;0.0;2;194.87214416770402;11.95;0.5337;[0.0]
34;34;asking;1004;503;1059;527;[];0.0;0.0;0;;;515.0;2.5;2;223.80495207326942;;;[]
35;35;what;346;608;389;627;[];0.0;0.0;0;;;617.5;102.5;3;418.1397954901188;;;[]
36;36;has;397;608;426;627;[];0.0;0.0;0;;;617.5;0.0;3;381.1445129770575;;;[]
37;37;a;434;613;442;627;[];0.0;0.0;0;;;620.0;2.5;3;365.14684905188267;;;[]
38;38;higher;452;608;508;632;[4081.0, 4082.0];1.0352;0.7117;2;8.5507;10.3091;620.0;0.0;3;299.094359312439;9.43;0.5176;[14.942720000000008, 4.0678400000000465]
39;39;value.;515;608;567;627;[];0.0;0.0;0;;;617.5;2.5;3;240.17581346280141;;;[]
40;40;1$;578;607;597;632;[4083.0];0.8733;0.8733;1;11.6618;11.7542;619.5;2.0;3;210.09569765351785;11.71;0.8733;[2.223091981542791]
41;41;or;605;613;623;627;[];0.0;0.0;0;;;620.0;0.5;3;184.2015390069214;;;[]
42;42;all;630;608;648;627;[];0.0;0.0;0;;;617.5;2.5;3;159.2188650019789;;;[]
43;43;the;657;608;684;627;[];0.0;0.0;0;;;617.5;0.0;3;123.25615835534705;;;[]
44;44;natural;693;608;753;627;[4080.0, 4084.0];0.4856;0.1946;2;10.5862;12.1114;617.5;0.0;3;54.46553931173725;11.35;0.2428;[36.06528000000003, 0.0]
45;45;resources;763;613;848;627;[4085.0, 4086.0];1.1807;0.5176;2;11.0468;11.3179;620.0;2.5;3;6.374720000000025;11.18;0.5903;[0.0, 6.374720000000025]
46;46;in;856;608;870;627;[];0.0;0.0;0;;;617.5;2.5;3;49.322487493215554;;;[]
47;47;Brazil.;879;608;932;627;[];0.0;0.0;0;;;617.5;0.0;3;72.19080670361294;;;[]
