;number;text;x1;y1;x2;y2;fixations;fix_duration;first_fix_duration;fix_number;pupil_l;pupil_r;y;diff_y;line;distance;pupil;fix_duration_avg;fix_distance
0;0;I;207;347;212;365;[];0.0;0.0;0;;;356.0;;1;329.504;;;[]
1;1;do;221;346;241;365;[];0.0;0.0;0;;;355.5;0.5;1;300.504;;;[]
2;2;not;250;347;277;365;[];0.0;0.0;0;;;356.0;0.5;1;264.504;;;[]
3;3;have;286;346;327;365;[828, 829];0.922;0.2424;2;13.7479;14.5452;355.5;0.5;1;214.50400000000002;14.15;0.461;[30.84767999999997, 1.458879999999965]
4;4;the;334;346;362;365;[];0.0;0.0;0;;;355.5;0.0;1;179.50400000000002;;;[]
5;5;ability;370;346;423;370;[830];0.5016;0.5016;1;12.8319;13.0337;358.0;2.5;1;118.50400000000002;12.93;0.5016;[28.561279999999954]
6;6;to;431;347;447;365;[];0.0;0.0;0;;;356.0;2.0;1;94.50400000000002;;;[]
7;7;retain;456;346;505;365;[831];0.4369;0.4369;1;14.7922;15.2181;355.5;0.5;1;36.50400000000002;15.01;0.4369;[4.168319999999994]
8;8;information;515;346;616;365;[832, 858, 859];0.7929;0.2752;3;13.2914;13.102;355.5;0.0;1;0.0;13.2;0.2643;[0.0, 5.913279999999986, 0.0]
9;9;from;624;346;664;365;[];0.0;0.0;0;;;355.5;0.0;1;82.49599999999998;;;[]
10;10;previous;674;346;749;370;[833];0.3076;0.3076;1;14.3424;15.2045;358.0;2.5;1;132.49599999999998;14.77;0.3076;[16.01600000000002]
11;11;conversations;757;346;879;365;[834, 835];0.6638;0.2916;2;13.3817;13.8072;355.5;2.5;1;215.49599999999998;13.59;0.3319;[6.2307199999999625, 6.994560000000035]
12;12;unless;888;346;943;365;[];0.0;0.0;0;;;355.5;0.0;1;346.496;;;[]
13;13;it;951;346;961;365;[836];0.3721;0.3721;1;14.0695;14.5486;355.5;0.0;1;409.496;14.31;0.3721;[16.3902638932264]
14;14;is;970;346;982;365;[];0.0;0.0;0;;;355.5;0.0;1;428.496;;;[]
15;15;provided;990;346;1066;370;[837];0.4043;0.4043;1;13.6198;13.3475;358.0;2.5;1;448.496;13.48;0.4043;[15.565440000000024]
16;16;to;216;452;232;470;[];0.0;0.0;0;;;461.0;103.0;2;323.3061545595592;;;[]
17;17;me.;241;456;272;470;[];0.0;0.0;0;;;463.0;2.0;2;286.5836748596989;;;[]
18;18;Therefore,;281;450;373;475;[839];0.4529;0.4529;1;13.2307;13.9929;462.5;0.5;2;191.72353798135902;13.61;0.4529;[26.63711999999998]
19;19;I;385;451;387;470;[];0.0;0.0;0;;;460.5;2.0;2;180.05475915978897;;;[]
20;20;do;396;450;416;470;[];0.0;0.0;0;;;460.0;0.5;2;155.29188973056387;;;[]
21;21;not;425;452;453;470;[];0.0;0.0;0;;;461.0;1.0;2;128.7132533039609;;;[]
22;22;have;461;450;502;470;[840];0.4532;0.4532;1;13.925;14.0797;460.0;1.0;2;99.6237070987102;14.0;0.4532;[12.293759999999963]
23;23;any;510;455;541;475;[];0.0;0.0;0;;;465.0;5.0;2;96.45795672773501;;;[]
24;24;context;549;452;615;470;[841];0.4044;0.4044;1;12.8246;12.5897;461.0;4.0;2;93.75677882739785;12.71;0.4044;[0.0]
25;25;about;622;450;672;470;[842];0.5983;0.5983;1;14.0489;13.9646;460.0;1.0;2;121.83563935109298;14.01;0.5983;[0.0]
26;26;what;680;450;722;470;[838];0.1943;0.1943;1;12.0698;13.8928;460.0;0.0;2;165.9682470115582;12.98;0.1943;[22.79654882287234]
27;27;you;730;455;760;475;[];0.0;0.0;0;;;465.0;5.0;2;211.74188394384706;;;[]
28;28;might;770;450;820;475;[843];0.3236;0.3236;1;12.7578;13.0909;462.5;2.5;2;246.11935928750015;12.92;0.3236;[13.011409753351105]
29;29;have;829;450;870;470;[844];0.2588;0.2588;1;11.4667;12.2406;460.0;2.5;2;301.6923383450259;11.85;0.2588;[0.0]
30;30;asked;878;450;928;470;[];0.0;0.0;0;;;460.0;0.0;2;348.70313307466796;;;[]
31;31;or;937;455;954;470;[];0.0;0.0;0;;;462.5;2.5;2;407.08840491481646;;;[]
32;32;mentioned;962;450;1055;470;[845];0.4366;0.4366;1;12.8152;12.9137;460.0;2.5;2;430.3268560246845;12.86;0.4366;[0.0]
33;33;previously.;206;555;301;580;[847];0.1775;0.1775;1;11.4937;12.9717;567.5;107.5;3;310.5436932479705;12.23;0.1775;[87.22070482353146]
34;34;If;311;555;325;575;[];0.0;0.0;0;;;565.0;2.5;3;292.3511474512963;;;[]
35;35;you;331;560;362;580;[848];0.5015;0.5015;1;13.49;13.5805;570.0;5.0;3;269.82672924691803;13.54;0.5015;[27.805439999999976]
36;36;could;371;555;416;575;[];0.0;0.0;0;;;565.0;5.0;3;233.12328372792282;;;[]
37;37;provide;426;555;491;580;[849];0.9222;0.9222;1;13.7498;13.4761;567.5;2.5;3;202.84443649281977;13.61;0.9222;[0.0]
38;38;me;500;560;526;575;[];0.0;0.0;0;;;567.5;0.0;3;202.05234919715633;;;[]
39;39;with;534;555;569;575;[850];0.4854;0.4854;1;13.9597;13.2347;565.0;2.5;3;196.45664;13.6;0.4854;[3.2608000000000175]
40;40;more;579;560;623;575;[];0.0;0.0;0;;;567.5;2.5;3;204.91639225813438;;;[]
41;41;information;632;555;733;575;[846, 851];0.4855;0.1943;2;11.9434;12.6487;565.0;2.5;3;216.29779799177243;12.3;0.2427;[27.967679999999973, 0.0]
42;42;or;742;560;759;575;[];0.0;0.0;0;;;567.5;2.5;3;284.2242491697174;;;[]
43;43;context;767;557;832;575;[852];0.4208;0.4208;1;13.795;14.6054;566.0;1.5;3;300.3888879038131;14.2;0.4208;[0.0]
44;44;about;840;555;890;575;[];0.0;0.0;0;;;565.0;1.0;3;357.34447444460307;;;[]
45;45;the;897;555;925;575;[853];0.4854;0.4854;1;12.9056;13.2219;565.0;0.0;3;406.168213202473;13.06;0.4854;[6.703679999999963]
46;46;conversation,;933;556;1052;579;[854];0.2588;0.2588;1;13.6742;13.2785;567.5;2.5;3;438.4726247966794;13.48;0.2588;[0.0]
47;47;1;1061;556;1066;575;[];0.0;0.0;0;;;565.5;2.0;3;555.7564382857743;;;[]
48;48;would;471;660;522;680;[];0.0;0.0;0;;;670.0;104.5;4;302.08692758226;;;[]
49;49;be;532;660;551;680;[855];0.6793;0.6793;1;14.3084;13.4426;670.0;0.0;4;301.45664;13.88;0.6793;[3.5599999999999454]
50;50;happy;560;660;613;685;[];0.0;0.0;0;;;672.5;2.5;4;302.02352195828985;;;[]
51;51;to;621;662;637;680;[];0.0;0.0;0;;;671.0;1.5;4;313.696583303181;;;[]
52;52;assist;645;661;695;680;[856];0.3561;0.3561;1;13.6157;13.0612;670.5;0.5;4;319.6739606162654;13.34;0.3561;[0.0]
53;53;you;702;665;733;685;[857];0.2914;0.2914;1;13.7803;14.5469;675.0;4.5;4;345.94022347233573;14.16;0.2914;[5.57472000000007]
54;54;further.;741;660;807;680;[];0.0;0.0;0;;;670.0;5.0;4;361.4896399844532;;;[]
