text;attention
The;0.01538988175165719
best;0.01394583497698751
way;0.01399198745026527
to;0.012900538527835142
learn;0.015582313042263015
Spanish;0.03374826906524224
without;0.014355815420359564
classes;0.02020338573597237
is;0.017303755747607216
to;0.016954318870760758
practice;0.018068844993634186
it.;0.02583829524203959
You;0.014097280592649605
can;0.0137203327699278
try;0.013827285382004565
to;0.013232763228880132
speak;0.01462088760143211
with;0.014908483877759348
your;0.01322207487608771
Spanish;0.016375087800504538
friends,;0.019173988420639023
move;0.013359850637121584
to;0.013624079492206754
Spain,;0.01681684035364948
or;0.013336405992313066
talk;0.013548478084578503
with;0.012684191318966795
people;0.012822971733040815
online;0.013899667175276317
in;0.012454835672003266
Spanish.;0.018448925057083138
Apps;0.015613583833554566
like;0.013381383049478042
Duolingo;0.01925073328002118
are;0.013315098729137411
helpful;0.014742403152641423
for;0.01363088725713382
some;0.012938622549203964
people;0.01428983147107284
who;0.013042229126381486
want;0.013372886800715056
to;0.012637439985953725
learn;0.013892913352199825
a;0.012369748404695747
new;0.01228245714179181
language.;0.017174106663993972
It;0.012579429597279555
is;0.012412631356717257
a;0.012264102374153736
philosophical;0.014056921595180105
point;0.013287839284062825
whether;0.013927502892925119
any;0.012885710512853407
of;0.012198928235378827
this;0.01296867740402607
can;0.012428698444069231
be;0.011992883203672628
considered;0.013022417177963947
to;0.012871997881368008
be;0.01201901191222524
without;0.01311688110017111
classes.;0.017037726240833585
What;0.012416258541161993
is;0.012088933620352285
your;0.012288049214134853
definition;0.013078380545622836
of;0.012214632974303584
a;0.011951067813808358
class?;0.012499322389012002
