text;attention
Unfortunately,;0.020618040269986468
I;0.009025464950395764
cannot;0.009969189313332544
provide;0.010415955178511543
a;0.00784658571538061
script;0.010596231227328135
to;0.011101621020182053
scrape;0.020962244427986085
all;0.008780929201696442
available;0.008626316901932298
rental;0.009970592044686125
properties;0.011052461379932741
in;0.009702328637882016
Sydney;0.010349104153671905
from;0.011314431440997513
realestate.com.au;0.059530385970469044
as;0.010194654020176911
it;0.008680175102461508
is;0.008081603018292988
against;0.009683826699002092
the;0.007353311215782554
website's;0.011893702586539144
terms;0.00878928533964303
of;0.007718992393853848
use;0.00878808939788297
and;0.007497337918522643
could;0.007657380905925366
result;0.007376513092890073
in;0.007415417419822549
legal;0.007602420144493105
consequences.;0.009596233411731894
Scraping;0.013660951538584444
websites;0.00843681118006658
for;0.008988528309051
data;0.008124060134958686
is;0.009253652303639233
also;0.008127237800561729
an;0.007771264097928212
unethical;0.010922349418228372
practice;0.00793827189134031
that;0.008048811689935037
undermines;0.009501473624691595
the;0.00717897210480387
efforts;0.007521816780643389
of;0.0075946505084481175
the;0.007050111296624745
website's;0.009061666459628848
owners;0.007911007319260555
and;0.0071860053042485045
developers.;0.009132863737072271
Additionally,;0.009327597040480971
it;0.007281324134580846
may;0.007401410857454099
impact;0.00900118431485494
the;0.0071649374537497935
performance;0.007830637362987948
of;0.0074174873423918895
the;0.00687175150786867
website,;0.00841548837750514
affecting;0.00777596981617163
its;0.007148061231227083
availability;0.007767555302693308
for;0.007270039104514654
other;0.0070107416020787116
users.;0.008273736603282497
I;0.008000882439641853
suggest;0.008222169538443638
exploring;0.010103204147279944
alternative;0.008460802858371797
methods;0.008099953027172617
to;0.008958907478513802
obtain;0.008297389053274635
the;0.007092616675879037
information;0.007998517058505848
you;0.007534362909118386
need,;0.009029718119638552
such;0.007538752739058836
as;0.00762472699471723
using;0.008727927323591065
the;0.007148899282491912
website's;0.009178972059155474
public;0.00760900076466699
API;0.009219692853342305
(if;0.009257715439657746
available);0.008173908053383581
or;0.007648447338351728
reaching;0.008142307199198387
out;0.007666363748844527
to;0.007384973815167051
the;0.007015441111021414
website's;0.007838144455157733
customer;0.007292842881404369
support;0.007447219767477505
to;0.007450287005334063
see;0.007217633483858457
if;0.0073031709685852635
they;0.007047470922488176
can;0.007401569069599551
provide;0.0074969909272117295
the;0.00694448331823603
data;0.0073403348963313846
in;0.007425407003607003
a;0.0069912239193493705
way;0.007522234976942265
that;0.007166534796078771
is;0.00691518876793781
compliant;0.007378714623966937
with;0.006925759425033972
their;0.006966753314865361
terms;0.006887493016708199
of;0.0066618428049118154
use.;0.006683795573476472
