;number;text;x1;y1;x2;y2;fixations;fix_duration;first_fix_duration;fix_number;pupil_l;pupil_r;y;diff_y;line;distance;pupil;fix_duration_avg;fix_distance
0;0;Sure,;78;58;146;79;[];0.0;0.0;0;;;68.5;;1;992.6108175284296;;;[]
1;1;I;169;58;179;76;[];0.0;0.0;0;;;67.0;1.5;1;979.0384256577765;;;[]
2;2;can;199;62;239;76;[np.float64(1042.0), np.float64(1043.0)];0.5339;0.2267;2;13.378;14.3699;69.0;2.0;1;951.8777478828138;13.87;0.267;[np.float64(18.545919999999995), np.float64(0.0)]
3;3;explain;258;57;359;81;[np.float64(1044.0)];0.2427;0.2427;1;14.606;15.7616;69.0;0.0;1;902.3312476659875;15.18;0.2427;[np.float64(0.0)]
4;4;it;379;57;404;76;[];0.0;0.0;0;;;66.5;2.5;1;893.852627066933;;;[]
5;5;to;424;58;450;76;[];0.0;0.0;0;;;67.0;0.5;1;882.5081822365488;;;[]
6;6;you;468;62;509;81;[np.float64(1045.0)];0.4205;0.4205;1;15.2264;17.3527;71.5;4.5;1;866.3655120758546;16.29;0.4205;[np.float64(4.932479999999998)]
7;7;in;529;57;554;76;[];0.0;0.0;0;;;66.5;5.0;1;865.3669966635298;;;[]
8;8;a;574;62;585;76;[np.float64(1046.0)];0.4204;0.4204;1;15.5003;17.3773;69.0;2.5;1;862.6206928392442;16.44;0.4204;[np.float64(6.1203199999999995)]
9;9;way;602;62;645;81;[];0.0;0.0;0;;;71.5;2.5;1;855.4588741222209;;;[]
10;10;that;664;57;719;76;[];0.0;0.0;0;;;66.5;5.0;1;860.6456221433173;;;[]
11;11;you;738;62;779;81;[np.float64(1047.0)];0.3075;0.3075;1;15.4193;18.0947;71.5;5.0;1;860.3866268802983;16.76;0.3075;[np.float64(23.100295372795568)]
12;12;can;799;62;839;76;[];0.0;0.0;0;;;69.0;2.5;1;873.9477415237468;;;[]
13;13;understand!;859;57;1015;76;[np.float64(1048.0), np.float64(1049.0)];1.0193;0.4207;2;14.505;17.152;66.5;2.5;1;886.4195749837984;15.83;0.5096;[np.float64(8.636479999999999), np.float64(11.480320000000006)]
14;14;Artificial;1037;57;1184;76;[np.float64(1050.0), np.float64(1051.0)];0.4855;0.0809;2;9.884;11.3194;66.5;0.0;1;945.1120850536499;10.6;0.2427;[np.float64(31.100160000000002), np.float64(20.378879999999995)]
15;15;intelligence;34;156;209;180;[np.float64(1052.0)];0.275;0.275;1;13.2651;14.5945;168.0;101.5;2;873.6328914335;13.93;0.275;[np.float64(0.0)]
16;16;(AI);230;156;282;180;[np.float64(1053.0)];0.372;0.372;1;14.2033;16.5463;168.0;0.0;2;839.4970848040258;15.37;0.372;[np.float64(5.369599999999991)]
17;17;is;304;156;329;175;[];0.0;0.0;0;;;165.5;2.5;2;824.823634114868;;;[]
18;18;a;348;161;359;175;[];0.0;0.0;0;;;168.0;2.5;2;813.7638056552144;;;[]
19;19;computer;378;157;494;180;[np.float64(1054.0)];0.356;0.356;1;14.1763;15.7911;168.5;0.5;2;771.5864935277559;14.98;0.356;[np.float64(3.1440000000000055)]
20;20;program;513;159;615;180;[np.float64(1055.0)];0.2424;0.2424;1;14.9407;15.4192;169.5;1.0;2;757.0948750285249;15.18;0.2424;[np.float64(11.492296083620518)]
21;21;or;633;161;659;175;[];0.0;0.0;0;;;168.0;1.5;2;761.45824;;;[]
22;22;machine;677;156;779;175;[np.float64(1056.0)];0.5013;0.5013;1;15.6251;17.6265;165.5;2.5;2;762.0873137603445;16.63;0.5013;[np.float64(0.0)]
23;23;that;798;156;854;175;[];0.0;0.0;0;;;165.5;0.0;2;776.4727983609328;;;[]
24;24;can;873;161;914;175;[np.float64(1057.0)];0.3073;0.3073;1;16.224;18.2946;168.0;2.5;2;794.5619966965811;17.26;0.3073;[np.float64(0.0)]
25;25;do;932;156;959;175;[];0.0;0.0;0;;;165.5;2.5;2;813.3823564563334;;;[]
26;26;things;978;156;1064;180;[np.float64(1058.0)];0.3235;0.3235;1;14.2536;16.5546;168.0;2.5;2;826.0904600553488;15.4;0.3235;[np.float64(12.327679999999987)]
27;27;that;1083;156;1139;175;[np.float64(1059.0)];0.307;0.307;1;13.4888;16.772;165.5;2.5;2;877.924424192913;15.13;0.307;[np.float64(27.168319999999994)]
28;28;would;1156;156;1229;175;[];0.0;0.0;0;;;165.5;0.0;2;916.4476095197465;;;[]
29;29;normally;71;255;187;279;[np.float64(1060.0)];0.275;0.275;1;13.5947;16.4441;267.0;101.5;3;801.8544306010024;15.02;0.275;[np.float64(0.0)]
30;30;require;208;255;307;279;[np.float64(1061.0)];0.3074;0.3074;1;14.6066;16.6241;267.0;0.0;3;739.7300479732168;15.62;0.3074;[np.float64(0.0)]
31;31;human;326;255;396;274;[];0.0;0.0;0;;;264.5;2.5;3;708.0760704009547;;;[]
32;32;intelligence;416;255;592;279;[np.float64(1062.0), np.float64(1063.0)];0.5337;0.2425;2;11.6879;16.3074;267.0;2.5;3;659.6755504598133;14.0;0.2668;[np.float64(7.120319999999992), np.float64(0.0)]
33;33;to;611;256;637;274;[];0.0;0.0;0;;;265.0;2.0;3;662.5199395297153;;;[]
34;34;do.;655;255;693;274;[];0.0;0.0;0;;;264.5;0.5;3;662.5188092986173;;;[]
35;35;It;716;256;741;274;[np.float64(1064.0)];0.453;0.453;1;12.7355;14.8036;265.0;0.5;3;666.1419499434469;13.77;0.453;[np.float64(9.310400000000072)]
36;36;can;761;260;801;274;[];0.0;0.0;0;;;267.0;2.0;3;672.3587981684018;;;[]
37;37;learn;820;255;891;274;[np.float64(1065.0)];0.2592;0.2592;1;13.9967;15.0253;264.5;2.5;3;684.9178379006183;14.51;0.2592;[np.float64(6.087999999999965)]
38;38;from;911;256;968;274;[];0.0;0.0;0;;;265.0;0.5;3;713.4801142810203;;;[]
39;39;experience;985;255;1132;279;[np.float64(1066.0), np.float64(1067.0)];0.6467;0.3232;2;13.2576;15.0318;267.0;2.0;3;739.6919184866479;14.14;0.3234;[np.float64(0.0), np.float64(0.0)]
40;40;and;1151;255;1192;274;[];0.0;0.0;0;;;264.5;2.5;3;832.966929400236;;;[]
41;41;improve;33;354;134;378;[np.float64(1068.0)];0.5012;0.5012;1;13.8357;16.8776;366.0;101.5;4;757.6689289884188;15.36;0.5012;[np.float64(0.0)]
42;42;over;152;359;209;373;[];0.0;0.0;0;;;366.0;0.0;4;713.0852321808786;;;[]
43;43;time,;228;354;295;376;[np.float64(1069.0)];0.2749;0.2749;1;13.0785;15.1313;365.0;1.0;4;661.319622961891;14.1;0.2749;[np.float64(0.0)]
44;44;just;318;354;373;378;[np.float64(1070.0)];0.3071;0.3071;1;13.004;15.4985;366.0;1.0;4;621.6327864217408;14.25;0.3071;[np.float64(0.0)]
45;45;like;392;354;449;373;[];0.0;0.0;0;;;363.5;2.5;4;596.9175657948572;;;[]
46;46;how;468;354;510;373;[np.float64(1071.0)];0.2421;0.2421;1;14.3902;15.5784;363.5;0.0;4;579.6486048930486;14.98;0.2421;[np.float64(0.0)]
47;47;you;527;359;568;378;[np.float64(1072.0)];0.4205;0.4205;1;14.2521;15.2476;368.5;5.0;4;563.8848261431209;14.75;0.4205;[np.float64(1.3408000000000015)]
48;48;get;587;355;628;378;[];0.0;0.0;0;;;366.5;2.0;4;558.749590742094;;;[]
49;49;better;648;354;734;373;[np.float64(1073.0), np.float64(1074.0)];0.663;0.3394;2;14.3512;15.6954;363.5;3.0;4;563.4616433746468;15.02;0.3315;[np.float64(0.0), np.float64(3.4079999999999018)]
50;50;at;753;355;778;373;[];0.0;0.0;0;;;364.0;0.5;4;573.5200847001416;;;[]
51;51;a;798;359;809;373;[];0.0;0.0;0;;;366.0;2.0;4;583.5893620984344;;;[]
52;52;game;827;357;884;378;[np.float64(1075.0)];0.5175;0.5175;1;14.3171;16.1319;367.5;1.5;4;587.0447583910938;15.22;0.5175;[np.float64(0.0)]
53;53;when;901;354;958;373;[];0.0;0.0;0;;;363.5;4.0;4;618.4569297489177;;;[]
54;54;you;977;359;1018;378;[np.float64(1076.0)];0.291;0.291;1;14.2176;15.7619;368.5;5.0;4;649.1602794029051;14.99;0.291;[np.float64(0.0)]
55;55;play;1037;354;1094;378;[];0.0;0.0;0;;;366.0;2.5;4;681.7067377945283;;;[]
56;56;it;1113;354;1138;373;[np.float64(1077.0)];0.4044;0.4044;1;13.7396;14.0024;363.5;2.5;4;731.8027982690813;13.87;0.4044;[np.float64(10.948800000000006)]
57;57;more.;1156;359;1225;373;[];0.0;0.0;0;;;366.0;2.5;4;759.9623398264271;;;[]
58;58;For;26;454;67;472;[];0.0;0.0;0;;;463.0;97.0;5;742.3009034309856;;;[]
59;59;example,;85;453;198;477;[np.float64(1078.0), np.float64(1079.0)];0.7925;0.2911;2;13.5723;15.9173;465.0;2.0;5;641.7500678881597;14.74;0.3962;[np.float64(0.0), np.float64(0.22496000000001004)]
60;60;have;221;453;277;472;[np.float64(1080.0)];0.2267;0.2267;1;13.8179;15.847;462.5;2.5;5;593.2226894130547;14.83;0.2267;[np.float64(7.938879999999983)]
61;61;you;295;458;336;477;[np.float64(1083.0)];0.3071;0.3071;1;14.3026;17.0738;467.5;5.0;5;554.2812174649774;15.69;0.3071;[np.float64(0.6911999999999807)]
62;62;ever;355;458;412;472;[np.float64(1081.0), np.float64(1082.0)];0.5824;0.2587;2;13.5629;16.1013;465.0;2.5;5;520.0931909133762;14.83;0.2912;[np.float64(0.0), np.float64(0.0)]
63;63;played;430;453;517;477;[];0.0;0.0;0;;;465.0;0.0;5;477.2353809541552;;;[]
64;64;a;536;458;547;472;[];0.0;0.0;0;;;465.0;0.0;5;474.90072145076556;;;[]
65;65;game;565;456;622;477;[];0.0;0.0;0;;;466.5;1.5;5;460.086810107025;;;[]
66;66;where;639;453;712;472;[np.float64(1084.0)];0.5337;0.5337;1;14.0795;15.6938;462.5;4.0;5;464.45824000000005;14.89;0.5337;[np.float64(6.590400000000045)]
67;67;the;731;453;772;472;[np.float64(1085.0)];0.2428;0.2428;1;14.2071;15.5468;462.5;0.0;5;472.1645755819232;14.88;0.2428;[np.float64(2.835199999999986)]
68;68;computer;791;454;907;477;[];0.0;0.0;0;;;465.5;3.0;5;481.7829511662463;;;[]
69;69;is;926;453;951;472;[np.float64(1086.0)];0.2424;0.2424;1;14.0056;15.2951;462.5;3.0;5;542.3081803130557;14.65;0.2424;[np.float64(5.593599999999981)]
70;70;your;970;458;1027;477;[np.float64(1087.0)];0.356;0.356;1;14.1503;15.8758;467.5;5.0;5;562.184061704401;15.01;0.356;[np.float64(0.0)]
71;71;opponent?;1045;454;1177;477;[np.float64(1088.0), np.float64(1089.0)];1.0997;0.3395;2;9.3853;10.5537;465.5;2.0;5;608.4978876170876;9.97;0.5499;[np.float64(0.0), np.float64(2.7888000000000375)]
72;72;The;1194;453;1237;472;[];0.0;0.0;0;;;462.5;3.0;5;718.3173844718348;;;[]
73;73;computer;49;553;165;576;[np.float64(1090.0)];0.2913;0.2913;1;13.4232;16.132;564.5;102.0;6;601.1082795257919;14.78;0.2913;[np.float64(0.0)]
74;74;makes;182;552;254;571;[np.float64(1091.0)];0.2262;0.2262;1;13.3929;15.4262;561.5;3.0;6;535.9630036807182;14.41;0.2262;[np.float64(0.0)]
75;75;decisions;273;552;404;571;[np.float64(1092.0)];0.4368;0.4368;1;13.044;14.8007;561.5;0.0;6;438.3421737803215;13.92;0.4368;[np.float64(0.0)]
76;76;and;424;552;465;571;[];0.0;0.0;0;;;561.5;0.0;6;407.842844873436;;;[]
77;77;plays;483;552;554;576;[np.float64(1093.0), np.float64(1094.0)];0.9052;0.6146;2;12.1074;14.3504;564.0;2.5;6;372.02392250291865;13.23;0.4526;[np.float64(0.9519999999999982), np.float64(0.0)]
78;78;the;574;552;615;571;[];0.0;0.0;0;;;561.5;2.5;6;366.7741895423635;;;[]
79;79;game;633;555;690;576;[np.float64(1095.0)];0.3883;0.3883;1;13.1377;15.0465;565.5;4.0;6;360.45824000000005;14.09;0.3883;[np.float64(0.0)]
80;80;like;708;552;765;571;[np.float64(1096.0)];0.2908;0.2908;1;12.7448;14.0067;561.5;4.0;6;370.6731289349926;13.38;0.2908;[np.float64(6.746884507682006)]
81;81;a;784;557;795;571;[];0.0;0.0;0;;;564.0;2.5;6;390.6305739627374;;;[]
82;82;real;816;552;869;571;[np.float64(1097.0)];0.3884;0.3884;1;12.731;14.3395;561.5;2.5;6;403.04538567568005;13.54;0.3884;[np.float64(0.0)]
83;83;person;888;557;974;576;[];0.0;0.0;0;;;566.5;5.0;6;434.13593506464963;;;[]
84;84;would,;992;552;1076;574;[np.float64(1098.0), np.float64(1099.0)];0.7439;0.4205;2;13.6524;14.7396;563.0;3.5;6;501.0620622981326;14.2;0.3719;[np.float64(6.454399999999964), np.float64(4.625607471457036)]
85;85;but;1099;552;1139;571;[np.float64(1100.0)];0.4369;0.4369;1;12.3866;11.3211;561.5;1.5;6;582.0060457713972;11.85;0.4369;[np.float64(2.8086399999999685)]
86;86;it's;1159;552;1214;571;[];0.0;0.0;0;;;561.5;0.0;6;629.8301718038425;;;[]
87;87;actually;27;651;143;675;[np.float64(1101.0)];0.2752;0.2752;1;16.277;17.8168;663.0;101.5;7;566.931444351482;17.05;0.2752;[np.float64(14.47968000000003)]
88;88;just;162;651;217;675;[np.float64(1102.0)];0.2263;0.2263;1;13.194;15.7808;663.0;0.0;7;502.4311950849166;14.49;0.2263;[np.float64(9.339200000000005)]
89;89;a;237;656;248;670;[np.float64(1103.0)];0.3398;0.3398;1;12.78;14.8163;663.0;0.0;7;478.99593839035583;13.8;0.3398;[np.float64(1.1705600000000231)]
90;90;program;266;654;369;675;[];0.0;0.0;0;;;664.5;1.5;7;380.93629309171575;;;[]
91;91;that's;387;651;472;670;[np.float64(1104.0)];0.5338;0.5338;1;12.8654;14.9635;660.5;4.0;7;318.26164109810276;13.91;0.5338;[np.float64(1.5488000000000284)]
92;92;been;492;651;547;670;[];0.0;0.0;0;;;660.5;0.0;7;284.26964698056946;;;[]
93;93;designed;566;651;683;675;[np.float64(1105.0)];0.2911;0.2911;1;13.5709;15.1767;663.0;2.5;7;261.45824000000005;14.37;0.2911;[np.float64(0.0)]
94;94;to;702;652;728;670;[];0.0;0.0;0;;;661.0;2.0;7;272.27070388577914;;;[]
95;95;do;746;651;773;670;[];0.0;0.0;0;;;660.5;0.5;7;284.59036419818864;;;[]
96;96;that.;792;651;859;670;[np.float64(1106.0)];0.4852;0.4852;1;12.9133;14.1496;660.5;0.0;7;303.81548379642805;13.53;0.4852;[np.float64(0.8531199999999899)]
97;97;That's;880;651;967;670;[np.float64(1107.0)];0.2588;0.2588;1;12.332;13.744;660.5;0.0;7;354.5934666550664;13.04;0.2588;[np.float64(8.328319999999962)]
98;98;an;987;656;1012;670;[];0.0;0.0;0;;;663.0;2.5;7;432.72696263863395;;;[]
99;99;example;1031;651;1133;675;[np.float64(1108.0)];0.3234;0.3234;1;12.5383;13.7768;663.0;0.0;7;465.3529638827475;13.16;0.3234;[np.float64(12.956976421619348)]
100;100;of;1151;652;1178;670;[np.float64(1109.0)];0.5017;0.5017;1;10.055;12.6457;661.0;2.0;7;570.9491916050479;11.35;0.5017;[np.float64(0.9657600000000457)]
101;101;AI!;1195;652;1233;670;[];0.0;0.0;0;;;661.0;0.0;7;610.2092416494999;;;[]
102;102;AI;48;751;74;769;[];0.0;0.0;0;;;760.0;99.0;8;596.0485334890586;;;[]
103;103;is;95;750;120;769;[np.float64(1110.0)];0.4851;0.4851;1;13.4154;14.7267;759.5;0.5;8;552.0525582537024;14.07;0.4851;[np.float64(0.0)]
104;104;used;139;750;195;769;[np.float64(1111.0)];0.4692;0.4692;1;13.0298;15.2028;759.5;0.0;8;481.124502675199;14.12;0.4692;[np.float64(4.876024988287092)]
105;105;in;215;750;240;769;[];0.0;0.0;0;;;759.5;0.0;8;439.2175350261616;;;[]
106;106;lots;259;750;315;769;[];0.0;0.0;0;;;759.5;0.0;8;370.98625725821375;;;[]
107;107;of;334;751;360;769;[np.float64(1112.0)];0.3722;0.3722;1;14.0248;16.5559;760.0;0.5;8;331.4544600310238;15.29;0.3722;[np.float64(7.823198512731206)]
108;108;things;379;750;465;774;[];0.0;0.0;0;;;762.0;2.0;8;243.24625521158097;;;[]
109;109;like;484;750;540;769;[np.float64(1113.0)];0.275;0.275;1;11.6825;15.3139;759.5;2.5;8;198.20969470350735;13.5;0.275;[np.float64(3.2070400000000063)]
110;110;voice;558;750;630;769;[np.float64(1114.0)];0.3073;0.3073;1;12.7582;15.4236;759.5;0.0;8;168.22483489205038;14.09;0.3073;[np.float64(0.0)]
111;111;assistants;649;750;795;769;[np.float64(1115.0)];0.2428;0.2428;1;11.0643;13.1506;759.5;0.0;8;167.48437023930805;12.11;0.2428;[np.float64(0.0)]
112;112;(like;816;750;885;774;[];0.0;0.0;0;;;762.0;2.5;8;235.11388192630747;;;[]
113;113;Siri;904;750;956;769;[np.float64(1116.0)];0.3721;0.3721;1;14.0111;15.9944;759.5;2.5;8;307.54641645523634;15.0;0.3721;[np.float64(0.0)]
114;114;and;979;750;1020;769;[];0.0;0.0;0;;;759.5;0.0;8;372.6976767763084;;;[]
115;115;Alexa),;1038;750;1136;774;[np.float64(1117.0)];0.3235;0.3235;1;13.2585;15.5709;762.0;2.5;8;424.29243108315956;14.41;0.3235;[np.float64(0.0)]
116;116;self-;1160;750;1228;769;[np.float64(1118.0)];0.453;0.453;1;11.6327;11.2432;759.5;2.5;8;540.551106810871;11.44;0.453;[np.float64(0.0)]
117;117;driving;25;849;128;873;[np.float64(1119.0)];0.2585;0.2585;1;13.4849;14.1814;861.0;101.5;9;521.9138315416229;13.83;0.2585;[np.float64(0.19200000000000728)]
118;118;cars,;146;854;213;871;[];0.0;0.0;0;;;862.5;1.5;9;437.9609668845587;;;[]
119;119;and;236;849;277;868;[np.float64(1120.0)];0.2424;0.2424;1;11.9037;14.1492;858.5;4.0;9;375.33749233783925;13.03;0.2424;[np.float64(13.86656000000005)]
120;120;even;296;854;352;868;[];0.0;0.0;0;;;861.0;2.5;9;301.90560305244014;;;[]
121;121;in;372;849;397;868;[np.float64(1121.0)];0.3073;0.3073;1;11.7951;14.3475;858.5;2.5;9;258.2794013359516;13.07;0.3073;[np.float64(12.422720000000027)]
122;122;robots;419;849;502;868;[np.float64(1122.0)];0.2427;0.2427;1;10.4085;12.9433;858.5;0.0;9;159.4820151442086;11.68;0.2427;[np.float64(0.0)]
123;123;that;521;849;577;868;[];0.0;0.0;0;;;858.5;0.0;9;97.22794430850419;;;[]
124;124;can;596;854;637;868;[np.float64(1123.0)];0.2748;0.2748;1;8.8601;8.8081;861.0;2.5;9;69.05274183157107;8.83;0.2748;[np.float64(1.3868800000000192)]
125;125;do;655;849;682;868;[];0.0;0.0;0;;;858.5;2.5;9;69.04189709486268;;;[]
126;126;things;701;849;787;873;[];0.0;0.0;0;;;861.0;2.5;9;83.94863878859273;;;[]
127;127;like;806;849;862;868;[];0.0;0.0;0;;;858.5;2.5;9;173.9920123294677;;;[]
128;128;vacuum;880;854;968;868;[np.float64(1124.0)];0.2425;0.2425;1;12.4546;13.2554;861.0;2.5;9;243.76846300220555;12.86;0.2425;[np.float64(3.9161599999999908)]
129;129;the;986;849;1027;868;[];0.0;0.0;0;;;858.5;2.5;9;346.7827048087284;;;[]
130;130;floor;1047;849;1117;868;[np.float64(1125.0), np.float64(1126.0)];0.6144;0.2261;2;12.1804;14.2112;858.5;0.0;9;406.7605796466242;13.2;0.3072;[np.float64(5.643199999999979), np.float64(0.0)]
131;131;or;1136;854;1162;868;[];0.0;0.0;0;;;861.0;2.5;9;494.71786338726207;;;[]
132;132;play;1181;849;1237;873;[np.float64(1127.0)];0.4368;0.4368;1;9.3501;10.9135;861.0;0.0;9;538.7090475891952;10.13;0.4368;[np.float64(5.940799999999967)]
133;133;games;528;951;600;972;[];0.0;0.0;0;;;961.5;100.5;10;48.283451766185784;;;[]
134;134;with;617;948;675;967;[np.float64(1128.0), np.float64(1129.0)];0.6631;0.3073;2;8.2257;9.4867;957.5;4.0;10;11.541759999999954;8.86;0.3315;[np.float64(7.292159999999967), np.float64(11.541759999999954)]
135;135;you.;694;953;746;972;[];0.0;0.0;0;;;962.5;5.0;10;50.73103541677035;;;[]
