;number;text;x1;y1;x2;y2;fixations;fix_duration;first_fix_duration;fix_number;pupil_l;pupil_r;y;diff_y;line;distance;pupil;fix_duration_avg;fix_distance
0;0;This;222;293;258;313;[2483.0, 2492.0];0.5983;0.3394;2;19.724;17.8104;303.0;;1;600.7860701767311;18.77;0.2991;[51.125651543623384, 32.44639999999998]
1;1;function;266;293;337;313;[];0.0;0.0;0;;;303.0;0.0;1;536.9806429643437;;;[]
2;2;resizes;346;294;406;313;[2484.0, 2485.0, 2486.0];1.6342;0.728;3;20.0793;19.1935;303.5;0.5;1;484.9266415844772;19.64;0.5447;[60.568960000000004, 81.5116156341512, 75.98016000000001]
3;3;a;414;298;422;313;[];0.0;0.0;0;;;305.5;2.0;1;473.4753667493167;;;[]
4;4;given;431;294;477;318;[2495.0];0.2753;0.2753;1;21.1324;17.802;306.0;0.5;1;432.4769715469252;19.47;0.2753;[20.213120000000004]
5;5;set;486;295;512;313;[2496.0];0.2269;0.2269;1;19.724;16.9549;304.0;2.0;1;414.7107075039177;18.34;0.2269;[20.03552000000002]
6;6;of;519;293;536;313;[2487.0];0.356;0.356;1;19.8955;18.2522;303.0;1.0;1;401.00197470635976;19.07;0.356;[84.01101424719023]
7;7;images;544;294;606;318;[2497.0];0.323;0.323;1;19.266;17.4468;306.0;3.0;1;362.55482305218334;18.36;0.323;[53.169280000000015]
8;8;to;614;295;630;313;[];0.0;0.0;0;;;304.0;2.0;1;357.90627337111596;;;[]
9;9;a;638;298;647;313;[2498.0];0.5177;0.5177;1;19.724;19.011;305.5;1.5;1;352.2343579470918;19.37;0.5177;[46.32159999999999]
10;10;specified;655;293;732;318;[2488.0, 2499.0];0.5823;0.3234;2;19.9001;18.9779;305.5;0.0;1;330.5729373654171;19.44;0.2911;[77.81664, 36.28352000000001]
11;11;size.;741;294;779;313;[];0.0;0.0;0;;;303.5;2.0;1;334.62879999999996;;;[]
12;12;The;787;293;819;313;[2491.0, 2500.0];0.7604;0.2104;2;20.3028;19.623;303.0;0.5;1;335.9738842803112;19.96;0.3802;[0.6863999999999351, 61.58510485888615]
13;13;function;827;293;898;313;[2489.0];0.3397;0.3397;1;21.1324;18.6173;303.0;0.0;1;341.87883660501706;19.87;0.3397;[62.13919999999999]
14;14;takes;906;293;953;313;[2501.0];0.3236;0.3236;1;21.1324;19.9323;303.0;0.0;1;366.3160489500835;20.53;0.3236;[40.13664]
15;15;in;962;294;975;312;[2490.0, 2502.0];0.7114;0.4045;2;20.3425;18.6399;303.0;0.0;1;393.3007354663858;19.49;0.3557;[5.272960000000012, 60.83839999999998]
16;16;a;979;289;988;322;[];0.0;0.0;0;;;305.5;2.5;1;394.12312152219636;;;[]
17;17;list;1001;293;1026;313;[];0.0;0.0;0;;;303.0;2.5;1;414.16039371045605;;;[]
18;18;of;1033;293;1050;313;[];0.0;0.0;0;;;303.0;0.0;1;433.7867933886415;;;[]
19;19;images,;215;399;283;422;[];0.0;0.0;0;;;410.5;107.5;2;524.9309513816079;;;[]
20;20;along;292;398;339;422;[2493.0, 2505.0];0.4368;0.0646;2;19.8098;14.4285;410.0;0.5;2;474.9781752021876;17.12;0.2184;[5.950080000000014, 24.023680000000013]
21;21;with;348;398;383;418;[];0.0;0.0;0;;;408.0;2.0;2;438.83966789523487;;;[]
22;22;a;392;403;400;418;[];0.0;0.0;0;;;410.5;2.5;2;424.44598775156305;;;[]
23;23;desired;409;398;472;418;[2494.0, 2506.0];0.8411;0.3556;2;19.1079;17.1815;408.0;2.5;2;365.97163130275544;18.14;0.4205;[60.01855999999998, 30.71916403695908]
24;24;x-axis;481;399;534;418;[2507.0];0.2909;0.2909;1;18.4918;17.7368;408.5;0.5;2;320.0678073758746;18.11;0.2909;[53.80799999999999]
25;25;and;542;398;573;418;[];0.0;0.0;0;;;408.0;0.5;2;294.23293853408046;;;[]
26;26;y-axis;582;399;635;422;[2508.0];0.3884;0.3884;1;18.7998;17.9326;410.5;2.5;2;256.4842258666212;18.37;0.3884;[35.37984]
27;27;resolutions;644;398;740;418;[2509.0];0.5177;0.5177;1;19.5742;18.1168;408.0;2.5;2;230.254738319106;18.85;0.5177;[45.58528000000001]
28;28;(resx;749;398;793;422;[2510.0];0.4851;0.4851;1;19.724;18.3717;410.0;2.0;2;225.62879999999996;19.05;0.4851;[48.02601612293072]
29;29;and;801;398;832;418;[];0.0;0.0;0;;;408.0;2.0;2;233.81262523311264;;;[]
30;30;resy).;841;398;891;422;[2511.0];0.4531;0.4531;1;19.9048;18.0389;410.0;2.0;2;240.7696021477794;18.97;0.4531;[37.8784]
31;31;The;899;398;932;418;[];0.0;0.0;0;;;408.0;2.0;2;270.00542460921037;;;[]
32;32;function;939;398;1010;418;[2512.0];0.3239;0.3239;1;21.3303;18.8202;408.0;0.0;2;293.02835582653086;20.08;0.3239;[18.76672000000002]
33;33;then;1018;398;1057;418;[2513.0];0.4044;0.4044;1;21.7366;20.1868;408.0;0.0;2;347.6606479289826;20.96;0.4044;[55.354240000000004]
34;34;creates;221;504;284;522;[2503.0, 2515.0];0.6635;0.356;2;20.2039;19.7883;513.0;105.0;3;489.3667448023006;20.0;0.3317;[0.0, 42.36735999999996]
35;35;a;292;508;301;522;[];0.0;0.0;0;;;515.0;2.0;3;472.95660828283184;;;[]
36;36;new;310;508;344;522;[2504.0];0.3556;0.3556;1;20.961;20.3283;515.0;0.0;3;431.6524561709339;20.64;0.3556;[21.05047376964233]
37;37;array;352;508;398;527;[2516.0];0.2267;0.2267;1;18.4918;17.2944;517.5;2.5;3;378.6927299518701;17.89;0.2267;[33.089279999999974]
38;38;of;406;503;423;522;[];0.0;0.0;0;;;512.5;5.0;3;356.81388946956645;;;[]
39;39;the;429;503;457;522;[];0.0;0.0;0;;;512.5;0.0;3;325.2113720619253;;;[]
40;40;specified;465;503;541;527;[];0.0;0.0;0;;;515.0;2.5;3;247.3717714663498;;;[]
41;41;size,;550;504;589;527;[];0.0;0.0;0;;;515.5;0.5;3;206.79462981035073;;;[]
42;42;and;598;503;628;522;[];0.0;0.0;0;;;512.5;3.0;3;180.0414611093789;;;[]
43;43;iterates;638;504;704;522;[];0.0;0.0;0;;;513.0;0.5;3;136.33794379555528;;;[]
44;44;through;711;503;780;527;[];0.0;0.0;0;;;515.0;2.0;3;120.62879999999996;;;[]
45;45;the;789;503;816;522;[];0.0;0.0;0;;;512.5;2.5;3;129.64855154763583;;;[]
46;46;images;825;504;887;527;[];0.0;0.0;0;;;515.5;3.0;3;138.4914369858295;;;[]
47;47;list;896;503;921;522;[2514.0];0.1937;0.1937;1;19.8955;17.7584;512.5;3.0;3;187.38446391950424;18.83;0.1937;[33.76196387690737]
48;48;to;928;504;944;522;[];0.0;0.0;0;;;513.0;0.5;3;212.21472078628284;;;[]
49;49;resize;953;504;1003;522;[];0.0;0.0;0;;;513.0;0.0;3;232.8342065041131;;;[]
50;50;each;1011;503;1051;522;[];0.0;0.0;0;;;512.5;0.5;3;283.4001858122185;;;[]
51;51;one;230;613;261;627;[];0.0;0.0;0;;;620.0;107.5;4;496.39522290046267;;;[]
52;52;using;270;608;315;632;[2518.0];0.4198;0.4198;1;18.9498;17.3686;620.0;0.0;4;442.2426462004767;18.16;0.4198;[14.417919999999981]
53;53;the;324;608;351;627;[2517.0, 2519.0];0.3883;0.2267;2;18.4918;11.2191;617.5;2.5;4;406.4901786247732;14.86;0.1941;[34.75455999999997, 1.8739199999999983]
54;54;scikit-image;359;608;468;632;[2520.0, 2523.0];0.7116;0.3718;2;18.9539;16.7675;620.0;2.5;4;289.38873460865756;17.86;0.3558;[2.6931200000000217, 21.73951999999997]
55;55;library's;476;608;546;632;[2521.0, 2522.0];0.6473;0.2911;2;18.7208;16.5603;620.0;0.0;4;211.5445137988693;17.64;0.3237;[21.852160000000026, 34.201599999999985]
56;56;resize);555;608;621;632;[2524.0, 2526.0];1.666;0.4852;2;18.9539;17.8501;620.0;0.0;4;136.86168681701977;18.4;0.833;[20.920319999999947, 6.236160000000041]
57;57;function.;630;608;706;627;[2525.0, 2527.0];0.7438;0.4688;2;18.5709;17.7152;617.5;2.5;4;54.98291842381596;18.14;0.3719;[10.490954514132701, 32.225833061666535]
58;58;The;715;608;747;627;[];0.0;0.0;0;;;617.5;0.0;4;22.910183726893123;;;[]
59;59;anti-aliasing;755;608;863;632;[2528.0, 2529.0, 2531.0, 2540.0, 2545.0];1.5201;0.4039;5;19.0313;17.4829;620.0;2.5;4;15.628799999999956;18.26;0.304;[5.816320000000019, 1.4745599999999968, 10.506240000000048, 31.774720000000002, 15.628799999999956]
60;60;parameter;873;609;965;632;[2530.0];0.8733;0.8733;1;19.7242;17.8627;620.5;0.5;4;117.0814063735143;18.79;0.8733;[31.760959999999955]
61;61;is;973;608;985;627;[];0.0;0.0;0;;;617.5;3.0;4;217.0162752385175;;;[]
62;62;set;993;609;1019;627;[2532.0];0.2749;0.2749;1;21.1326;19.3773;618.0;0.5;4;236.9333402423559;20.25;0.2749;[24.237940536142904]
63;63;to;1026;609;1042;627;[2533.0];0.2911;0.2911;1;21.1326;17.1693;618.0;0.0;4;269.8233224137602;19.15;0.2911;[22.278821348500482]
64;64;false,;210;713;256;737;[2534.0];0.6473;0.6473;1;18.4918;16.8632;725.0;107.0;5;505.21354664973114;17.68;0.6473;[10.094406208271959]
65;65;which;265;713;315;732;[];0.0;0.0;0;;;722.5;2.5;5;446.77476710127667;;;[]
66;66;will;323;713;350;732;[2535.0];0.372;0.372;1;18.0804;16.2892;722.5;0.0;5;412.1832656942783;17.18;0.372;[7.126080000000002]
67;67;prevent;360;714;427;737;[];0.0;0.0;0;;;725.5;3.0;5;336.5753427070973;;;[]
68;68;the;435;713;462;732;[];0.0;0.0;0;;;722.5;3.0;5;302.1234365592978;;;[]
69;69;images;471;713;533;737;[2536.0];0.3236;0.3236;1;18.4918;16.0243;725.0;2.5;5;233.3116844875113;17.26;0.3236;[0.0]
70;70;from;541;713;581;732;[];0.0;0.0;0;;;722.5;2.5;5;187.7167219999327;;;[]
71;71;being;591;713;637;737;[2537.0];0.4043;0.4043;1;18.3594;16.651;725.0;2.5;5;136.6211217872259;17.51;0.4043;[17.796159999999986]
72;72;blurred.;647;713;715;732;[2538.0];0.3236;0.3236;1;18.3522;15.8025;722.5;2.5;5;77.68251102017756;17.08;0.3236;[11.775168014087892]
73;73;The;723;713;756;732;[];0.0;0.0;0;;;722.5;0.0;5;65.37834288508701;;;[]
74;74;resized;764;713;825;732;[2539.0, 2541.0, 2544.0];1.1482;0.4531;3;19.1079;17.1685;722.5;0.0;5;65.74850050305335;18.14;0.3827;[0.0, 11.075839999999971, 0.0]
75;75;images;835;713;897;737;[2542.0];0.3718;0.3718;1;19.5742;17.4557;725.0;2.5;5;101.79703590183755;18.51;0.3718;[5.072319999999991]
76;76;are;905;717;932;732;[];0.0;0.0;0;;;724.5;0.5;5;163.48183421530356;;;[]
77;77;then;940;713;978;732;[];0.0;0.0;0;;;722.5;2.0;5;194.35712623518594;;;[]
78;78;returned.;988;713;1068;732;[2543.0];0.3721;0.3721;1;19.7375;17.6601;722.5;0.0;5;240.10397355812336;18.7;0.3721;[0.0]
