text;attention
To;0.013703128254371052
write;0.01056677553856
a;0.008297152309660868
good;0.013828518911909442
book,;0.024126303657836076
a;0.008949843966181545
person;0.01072532098277486
should;0.014387784584528973
study;0.01709865576723204
various;0.00959223498914633
subjects;0.014468897487035117
such;0.008468555177245615
as:;0.016432574843887972
Storytelling;0.011994493157741346
and;0.00889606748562793
plot;0.009265015522965553
development;0.01111752252585674
Character;0.00876874819842078
development;0.009764170521576318
Dialogue;0.009418597526234798
writing;0.011551131601214609
World-building;0.01826673397930263
and;0.009064244699025894
setting;0.013071279864243245
description;0.012451024206354072
Point;0.01216984019550043
of;0.007662709492997006
view;0.009314120139609595
(POV);0.05134915930500407
Show;0.01185849652212259
vs;0.010438095331482312
Tell;0.010882122473062463
technique;0.012916343892657986
Pacing;0.010432581971002662
and;0.008473009134509232
flow;0.010594205487432954
Grammar;0.009665641932894568
and;0.0073915869608048475
syntax;0.008747039331972073
The;0.012295832685416147
writing;0.008547784489897617
process;0.008965404677589096
and;0.010206921194398155
revision;0.011680145492012932
techniques;0.012818414111457946
In;0.01046785447364394
addition;0.01649844133828486
to;0.008628212747151517
studying;0.012785785486358696
these;0.011213847599719268
topics,;0.022136263043060572
a;0.009638871765808334
person;0.011424146032636251
can;0.011851445247884137
also;0.010027564088803132
benefit;0.014508645427149231
from;0.013395177440547648
reading;0.01526242421842218
a;0.008310242204177578
variety;0.012256613993891633
of;0.008476227548703493
books;0.014648917581196779
in;0.010153758743698636
their;0.009000155772368647
chosen;0.010613523139374774
genre,;0.03344482200426833
participating;0.011404083660782773
in;0.008777563074030551
writing;0.00822864790200634
workshops;0.013603917515372222
and;0.007845135907906817
communities,;0.018995116727229366
and;0.012092641723534515
seeking;0.012742690326520213
feedback;0.01047674679438823
from;0.009139814224858824
other;0.010146481569996108
writers;0.010150943691573072
and;0.010131184985673116
beta;0.01212226659411506
readers.;0.0187155948241046
