text;attention
The;0.007614923264372681
Montessori;0.05791964604204088
floor;0.006777922818794673
bed;0.02171531104089935
is;0.011290680045657885
a;0.007606120721518779
floor;0.007323834392525533
bed;0.008885465285584667
for;0.008953736208390293
young;0.009289050075446727
children;0.01957305029485547
with;0.0078008240529952285
the;0.006570740958762729
idea;0.007762033442824504
of;0.0071219066167819145
Montessori;0.01361594600261769
method,;0.014018517413887061
which;0.006636303455375375
seeks;0.00750607845155808
to;0.006772691882282191
develop;0.0076667196265586875
natural;0.006878642768535452
interests;0.007486732471442627
and;0.006769238843447315
activities;0.007615433901888631
rather;0.006782402388566362
than;0.006475815615008543
use;0.006162911578884243
formal;0.0060458240714116275
teaching;0.006321759460906522
methods.;0.01207801356056893
Some;0.006744146159566206
of;0.005896031396345472
the;0.006282490233998634
advantages;0.007489747456781924
are;0.006922124208070767
as;0.0064676405211962365
follows:;0.010379118428455342
-;0.0077668391211789135
Without;0.009275495600029427
railings;0.010832496964666575
and;0.008083305067382548
height;0.006876862680492161
to;0.007084105922197062
limit;0.00738016688596645
the;0.0079029058414103
child's;0.01915493771177758
movement,;0.012172642106448282
the;0.00756492793648254
floor;0.0064030065382163414
bed;0.010144234309270674
is;0.007544484979248331
less;0.006636497972156393
likely;0.006755546559722077
to;0.006336791525389328
make;0.006360638605687374
them;0.010082012201513552
feel;0.006906514341524503
trapped;0.0072371016726266515
and;0.006188372763382559
helpless.;0.009702793050972654
Instead,;0.007283978930702584
it;0.006401288680627348
encourages;0.0076409033674685115
exploration;0.0072131432953348035
and;0.006761852670725624
making;0.006221313184104861
decisions,;0.008251903878996582
which;0.00644380773920613
the;0.006194795290645749
Montessori;0.010250133382970823
method;0.006122306708804107
promotes.;0.006816201886675023
-;0.007014329295708279
It;0.006712872705586584
saves;0.007015886423038645
money.;0.009441490238760045
A;0.007612501720207284
Montessori;0.007802303887436489
floor;0.0064041408038780084
bed;0.0077748903404097885
is;0.0067525693294879
cheaper;0.0068211621526317965
and;0.006306454438809518
easier;0.006081095092681424
to;0.006065675491177399
expand;0.00734769639917997
as;0.006501883482835399
the;0.006502601444871059
child;0.007085400223236489
grows;0.006444347299398355
up.;0.007042971622450349
-;0.007288620483000867
Parents;0.009831291614566535
don't;0.008231259305636132
need;0.006295768003994323
to;0.006439792465016016
assist;0.00830478212474308
their;0.006770382598671257
children;0.009398093830007753
getting;0.00703735864566889
in;0.006490824105398824
and;0.006249777380134932
off;0.006762013081683235
bed;0.007558956932282882
as;0.006413557987951045
much,;0.007674711661549993
meaning;0.007035909772817164
a;0.006253477276997458
more;0.0060991308219063515
peaceful;0.006924951547733485
morning/night;0.008767999256562669
and;0.0065065860726105425
a;0.005787903437783685
chance;0.005852805259734291
to;0.0058943709436848684
teach;0.00639541899062766
the;0.0057929750757790294
children;0.0065261262327269256
to;0.006228021115564472
set;0.005775538332558725
a;0.005575277193788014
routine.;0.005892161524224624
