text;attention
C#;0.9999285034761795
is;1.0643986063985681e-06
a;2.0060839879586645e-07
widely;1.640733984184205e-07
used;1.448245359150188e-07
programming;2.698821450748901e-07
language;2.423586778880492e-07
that;2.3029422596206098e-07
has;1.1872478930610318e-07
a;1.0274819134472595e-07
number;1.5608325290789607e-06
of;1.1117638782906982e-07
benefits.;2.9906743745910783e-05
It;7.731247591482825e-07
is;1.6246380056245593e-07
a;1.5076634468964278e-07
modern,;4.014817615335463e-07
object-oriented;3.6690682188986853e-06
language;1.9810349716252888e-07
with;1.4129467495204087e-07
a;1.0745971289391198e-07
large;1.0278438602646372e-07
community;1.3130046881206835e-07
of;8.932857350567793e-08
developers;1.6039298825026606e-07
and;1.0585614396067153e-07
a;9.668102231711781e-08
rich;9.569610983868939e-08
set;1.3344590979541058e-07
of;8.469971384255664e-08
libraries;1.4572149601680057e-07
and;9.514025093429912e-08
frameworks.;4.031569499829939e-06
C#;1.7307511052656403e-05
is;1.346167380099782e-07
used;1.3024384259881624e-07
to;1.0112896495875476e-07
build;1.2465110870018538e-07
a;9.840796109958013e-08
variety;1.3173092064519347e-07
of;8.356724704259503e-08
applications,;2.0403261720836597e-07
including;1.0598214424753318e-07
web;1.3616094277289244e-07
applications,;1.7689667692607787e-07
desktop;1.132963857808207e-07
applications,;1.6617379948268144e-07
mobile;9.388421144899358e-08
applications,;1.7116425312784462e-07
and;9.27511700699968e-08
games.;1.079696923840664e-06
It;1.418324604306302e-07
is;1.0052286821675878e-07
also;9.074690068569912e-08
a;8.895909971927403e-08
popular;8.370320796625502e-08
language;9.94307580393333e-08
for;8.537721128539443e-08
building;9.382101824557011e-08
backend;9.490044345400867e-08
services;1.0043863125740386e-07
and;8.558701593750395e-08
APIs,;1.7106655939401238e-07
particularly;9.169208680846554e-08
in;8.434307615864437e-08
the;8.114638574723433e-08
.NET;2.3988911208278134e-07
framework.;3.456809403014136e-07
Ultimately,;1.0463321945249715e-06
whether;1.2249583317006335e-07
C#;2.794886955096241e-07
is;9.719747002440825e-08
a;9.547536311249877e-08
good;1.0547321640247738e-07
language;1.0754103074508032e-07
for;9.213687409136438e-08
a;8.802181372414325e-08
particular;8.080898075027501e-08
project;9.152746494362346e-08
will;9.430128523003762e-08
depend;9.748268353903471e-08
on;8.129458322447913e-08
the;7.617081882895428e-08
specific;7.442582457885977e-08
requirements;8.751731793788296e-08
and;7.584620165171921e-08
constraints;8.475295434132428e-08
of;7.54318704842874e-08
the;7.345604609696518e-08
project,;1.1496458049298506e-07
as;8.255590122654844e-08
well;8.671528963207915e-08
as;7.291989201448919e-08
the;7.058944685629167e-08
skills;7.647720691145104e-08
and;7.113594882615718e-08
preferences;8.572927069313942e-08
of;6.983937800271862e-08
the;6.814563140470291e-08
development;6.986615847281555e-08
team.;7.632689183641012e-08
