text;attention
A;0.008962981121393994
good;0.010131209815129065
machine;0.009446316900385074
learning;0.008720824679258759
model;0.008158668888875256
for;0.008423137795791825
binary;0.009707938313156483
classification;0.009341077973609037
on;0.007782579201147086
the;0.007354541621821303
Amazon;0.008282147740090718
reviews;0.009195860864176715
dataset;0.00859697007654687
is;0.008888417784657364
a;0.008450057902563387
Long;0.008609405487104772
Short-Term;0.014235314256737292
Memory;0.008193830593275825
(LSTM);0.029126144339759484
network;0.007466035496625508
with;0.007507413324381225
a;0.007263223360791865
Convolutional;0.02459268432630461
Neural;0.009793622433024979
Network;0.007239422087272176
(CNN);0.01771986911482103
layer.;0.014091928285321943
This;0.008162973244493311
model;0.0076457363035351295
can;0.008858553948306622
be;0.008408070465827528
fine-tuned;0.024898894001935883
or;0.007260117918826467
trained;0.007652016443584989
from;0.0071392113373030825
scratch;0.007539091515727705
depending;0.00949484548899297
on;0.007014258587820834
your;0.007620428096379712
preference.;0.011831034511062941
LSTMs.;0.016082230591484985
are;0.007690783707721868
great;0.009082679704302038
for;0.007863163236250312
handling;0.007983215048449854
sequential;0.009993693652263096
data,;0.009432841608372993
such;0.0073160599679660395
as;0.007932698708875776
text;0.007403616280394811
data,;0.008115482950675709
and;0.006956986659219927
the;0.0066804024089863875
CNN;0.007393580543363542
layer;0.006947894566614819
can;0.007300932186773852
help;0.00785142217673851
extract;0.008285291434609503
relevant;0.007780616781343557
features;0.007029320999876725
from;0.007041956634789274
the;0.006667400168325715
text;0.006991972439553555
data.;0.009369725258607223
For;0.007976063097571446
inference;0.010593874048268193
speed,;0.009231780362022945
you;0.007907809520240667
can;0.007523237091858411
use;0.008089743488835979
the;0.006762162967221583
TensorRT;0.00868960630346077
library;0.006870613988131005
by;0.007074048159019044
NVIDIA;0.010729947878062335
to;0.007086961775993326
optimize;0.01002300303347124
the;0.006653180892572193
model;0.006757409178947274
for;0.0066870412263606875
deployment;0.007225826876561487
on;0.006612474477026587
GPUs.;0.011507117427959651
In;0.007295868570915178
terms;0.00836158628857397
of;0.007289497064585232
metrics,;0.00928747536318858
you;0.00758343329286052
can;0.0073159945575851145
use;0.0075568803566042776
accuracy,;0.009275553582542008
precision,;0.008740292416052209
and;0.006611840641091816
AUC;0.0081116489811074
to;0.006547517110137863
evaluate;0.007607438244173476
the;0.006558097712837828
performance;0.0076245609644191486
of;0.0066764021665037514
the;0.006279670673437674
model.;0.00789736694191782
During;0.008023168395331582
training,;0.008370944171632358
you;0.006964288242943275
can;0.006807982880036915
use;0.007153079093214839
binary;0.007747208882777342
cross-entropy;0.0118593702686768
loss;0.006551281980592297
as;0.006768910975646232
the;0.006322172548817572
loss;0.0069899397047292165
function;0.006396383348567699
to;0.006451189870601738
optimize.;0.0069702295509324295
