text;attention
I'm;0.026284798488005662
sorry,;0.02105398069837638
but;0.017524228549621393
the;0.01683199173600343
equation;0.027533885647132553
you;0.019220484630886048
provided;0.027089056486572963
is;0.01871727099363871
incomplete.;0.059303373981941784
There;0.02235175646140657
appears;0.01937704019163718
to;0.0229308773757662
be;0.019138316880889336
a;0.0182336990697551
variable;0.021910165392250894
"""n""";0.06420192235004052
that;0.017768028827196813
is;0.015206120311184979
not;0.016389397667888203
defined,;0.025899147103783913
and;0.017751733709274783
it;0.01552237902591589
is;0.014890652053900595
unclear;0.018133575178320815
what;0.018179336365749435
the;0.016761407464400142
function;0.02033685512814286
"""f""";0.028997597847794883
is;0.0161982956114776
supposed;0.015716475929162126
to;0.014308109255796168
represent.;0.03150360267276749
Could;0.015592323262999783
you;0.01759956871055477
please;0.016654273184818612
provide;0.01705193571498896
more;0.015579719298450643
information;0.017327870959076182
about;0.01818537666248874
the;0.017817565778308415
equation;0.017042651120944507
or;0.015669292455418815
the;0.015236182754677113
problem;0.017049473979398006
you;0.014873894633818588
are;0.014380398440612036
trying;0.015320050145899482
to;0.014555067346117046
solve?;0.014798792464746871
