;number;text;x1;y1;x2;y2;y;diff_y;line;fixations;fix_distance;fix_duration;first_fix_duration;fix_number;pupil_l;pupil_r;distance;pupil;fix_duration_avg
0;0;To;247;189;268;208;198.5;;1;[];[];0.0;0.0;0;;;459.8612867873547;;
1;1;loop;277;188;313;213;200.5;2.0;1;[];[];0.0;0.0;0;;;454.6070400000001;;
2;2;through;321;188;390;213;200.5;0.0;1;[];[];0.0;0.0;0;;;456.16842841840963;;
3;3;a;399;193;407;208;200.5;0.0;1;[];[];0.0;0.0;0;;;473.94886631969246;;
4;4;Pandas;416;188;478;208;198.0;2.5;1;[];[];0.0;0.0;0;;;478.38340427498287;;
5;5;DataFrame,;487;189;590;212;200.5;2.5;1;[];[];0.0;0.0;0;;;499.07484605590145;;
6;6;you;598;193;629;213;203.0;2.5;1;[];[];0.0;0.0;0;;;552.9106588642705;;
7;7;can;638;193;667;208;200.5;2.5;1;[];[];0.0;0.0;0;;;580.5670496038522;;
8;8;utilize;676;188;727;208;198.0;2.5;1;[];[];0.0;0.0;0;;;604.5329515301228;;
9;9;the;735;188;763;208;198.0;0.0;1;[];[];0.0;0.0;0;;;644.4229330848815;;
10;10;‘iterrows()’;773;187;877;213;200.0;2.0;1;[];[];0.0;0.0;0;;;668.1944602327393;;
11;11;function,;889;188;966;212;200.0;0.0;1;[];[];0.0;0.0;0;;;757.9332843764824;;
12;12;which;975;188;1024;208;198.0;2.0;1;[];[];0.0;0.0;0;;;830.4829370226229;;
13;13;generates;226;295;313;318;306.5;108.5;2;[];[];0.0;0.0;0;;;349.6070400000001;;
14;14;an;321;298;341;313;305.5;1.0;2;[];[];0.0;0.0;0;;;356.60654380664647;;
15;15;iterator;350;294;416;313;303.5;2.0;2;[];[];0.0;0.0;0;;;360.82742451997973;;
16;16;that;422;293;458;313;303.0;0.5;2;[];[];0.0;0.0;0;;;380.77122775456877;;
17;17;provides;466;293;540;318;305.5;2.5;2;[];[];0.0;0.0;0;;;394.47201762066936;;
18;18;the;548;293;576;313;303.0;2.5;2;[];[];0.0;0.0;0;;;442.512992674477;;
19;19;index;584;293;631;313;303.0;0.0;2;[];[];0.0;0.0;0;;;464.9439724157328;;
20;20;and;639;293;670;313;303.0;0.0;2;[];[];0.0;0.0;0;;;502.270884568996;;
21;21;row;679;298;710;313;305.5;2.5;2;[];[];0.0;0.0;0;;;531.3500479775283;;
22;22;data;718;293;756;313;303.0;2.5;2;[];[];0.0;0.0;0;;;560.9984711973124;;
23;23;for;764;293;789;313;303.0;0.0;2;[];[];0.0;0.0;0;;;597.3513551384325;;
24;24;each;796;293;835;313;303.0;0.0;2;[];[];0.0;0.0;0;;;623.3924182132164;;
25;25;row;845;298;876;313;305.5;2.5;2;[];[];0.0;0.0;0;;;664.2775973083254;;
26;26;in;884;294;898;312;303.0;2.5;2;[];[];0.0;0.0;0;;;698.0754626583874;;
27;27;the;906;293;934;313;303.0;0.0;2;[];[];0.0;0.0;0;;;716.5991871930373;;
28;28;DataFrame.;943;294;1045;313;303.5;0.5;2;[];[];0.0;0.0;0;;;748.9752764182018;;
29;29;Here's;214;398;268;418;408.0;104.5;3;[];[];0.0;0.0;0;;;250.07488135700805;;
30;30;an;276;403;296;418;410.5;2.5;3;[];[];0.0;0.0;0;;;249.6070400000001;;
31;31;example;305;398;380;422;410.0;0.5;3;[];[];0.0;0.0;0;;;246.56471678997718;;
32;32;of;388;398;405;418;408.0;2.0;3;[];[];0.0;0.0;0;;;270.68051700431204;;
33;33;how;412;398;446;418;408.0;0.0;3;[1163];[3.0528000000001043];0.3239;0.3239;1;13.9519;14.6553;280.83810547310287;14.3;0.3239
34;34;it;455;399;465;418;408.5;0.5;3;[];[];0.0;0.0;0;;;302.9655688122359;;
35;35;can;473;403;502;418;410.5;2.0;3;[];[];0.0;0.0;0;;;313.5182774348597;;
36;36;be;511;398;531;418;408.0;2.5;3;[1103];[0.0];0.3236;0.3236;1;15.3478;15.4083;337.8693544637064;15.38;0.3236
37;37;used:;540;398;586;418;408.0;0.0;3;[1164];[12.392319999999984];0.2909;0.2909;1;15.3283;15.1769;358.05572734662644;15.25;0.2909
38;38;*’’;599;396;613;401;398.5;9.5;3;[];[];0.0;0.0;0;;;413.2219384855089;;
39;39;python;621;396;691;422;409.0;10.5;3;[1104, 1165];[0.0, 39.19743999999997];0.7759;0.4202;2;15.1174;14.5651;417.57769620242135;14.84;0.3879
40;40;import;700;399;758;422;410.5;1.5;3;[1162];[9.80032];0.2911;0.2911;1;14.6204;14.4302;483.7048434383531;14.53;0.2911
41;41;pandas;766;398;828;422;410.0;0.5;3;[1105, 1108];[5.429120000000012, 11.612799999999993];0.3558;0.2425;2;14.2016;14.2532;541.6014663622336;14.23;0.1779
42;42;as;836;403;855;418;410.5;0.5;3;[];[];0.0;0.0;0;;;606.4589521853245;;
43;43;pd;863;398;883;422;410.0;0.5;3;[1106, 1166];[6.6553393902940226, 0.0];0.6794;0.3235;2;15.0184;13.813;629.5926984691943;14.42;0.3397
44;44;#;892;399;904;417;408.0;2.0;3;[1167];[0.0];0.2428;0.2428;1;13.1805;14.978;658.27975782772;14.08;0.2428
45;45;Create;913;398;970;418;408.0;0.0;3;[1107];[0.0];0.3395;0.3395;1;14.6927;13.3456;677.3764553671184;14.02;0.3395
46;46;a;978;403;987;418;410.5;2.5;3;[];[];0.0;0.0;0;;;738.1911773285575;;
47;47;sample;995;398;1058;422;410.0;0.5;3;[];[];0.0;0.0;0;;;752.8974110499529;;
48;48;DataFrame;221;504;318;522;513.0;103.0;4;[1097, 1109, 1110, 1168];[36.76927999999998, 26.97664000000009, 14.15616, 21.11643231927212];1.698;0.3879;4;14.3071;15.673;145.6070400000001;14.99;0.4245
49;49;df;326;503;343;522;512.5;0.5;4;[1098, 1100];[59.64385192958615, 40.0398088511721];1.0186;0.3879;2;14.3749;15.9776;151.7418477735184;15.18;0.5093
50;50;=;351;511;361;518;514.5;2.0;4;[];[];0.0;0.0;0;;;164.2162132242783;;
51;51;pd.DataFrame({'A':;371;503;545;527;515.0;0.5;4;[1096, 1099, 1101, 1102, 1111, 1169];[18.198129385011008, 73.87986782862026, 80.36447999999996, 94.42399999999998, 0.0, 0.0];2.1827;0.2265;6;15.0049;16.14;165.7210124447761;15.57;0.3638
52;52;[1,;557;503;580;527;515.0;0.0;4;[1112, 1170];[0.0, 68.36175063410829];0.4529;0.2427;2;15.6247;15.9237;307.71370259662086;15.77;0.2264
53;53;2,;589;504;604;527;515.5;0.5;4;[];[];0.0;0.0;0;;;336.49545073555106;;
54;54;3],;613;503;637;527;515.0;0.5;4;[1113, 1171, 1172];[26.604479999999967, 33.194695981135354, 0.0];1.0514;0.3881;3;15.5496;16.2737;358.44007527859054;15.91;0.3505
55;55;'B':;646;503;672;522;512.5;2.5;4;[];[];0.0;0.0;0;;;390.84555052567976;;
56;56;[4,;684;503;706;527;515.0;2.5;4;[1114];[4.731839999999977];1.1324;1.1324;1;15.6253;15.7965;424.6635896397543;15.71;1.1324
57;57;5,;716;504;731;527;515.5;0.5;4;[];[];0.0;0.0;0;;;454.9820105957176;;
58;58;6],;740;503;763;527;515.0;0.5;4;[1173];[18.883736129315082];0.2914;0.2914;1;16.5222;15.9847;477.86476033049524;16.25;0.2914
59;59;'C':;773;503;799;522;512.5;2.5;4;[1115];[1.8384000000000924];0.3716;0.3716;1;16.2967;15.4005;510.8988999456954;15.85;0.3716
60;60;[7,;811;503;833;527;515.0;2.5;4;[];[];0.0;0.0;0;;;546.1214205336773;;
61;61;8,;842;503;858;527;515.0;0.0;4;[1116];[0.0];0.4529;0.4529;1;15.4462;13.9413;576.1316262502187;14.69;0.4529
62;62;9]});867;503;903;527;515.0;0.0;4;[1117, 1174, 1175];[0.0, 9.124799999999993, 5.807680000000005];0.9702;0.4041;3;14.9276;14.3589;600.4066711535788;14.64;0.3234
63;63;#;913;504;924;522;513.0;2.0;4;[];[];0.0;0.0;0;;;646.325458237351;;
64;64;Loop;934;504;975;527;515.5;2.5;4;[1118];[22.498879999999986];0.5169;0.5169;1;15.7571;14.5806;665.7284464146937;15.17;0.5169
65;65;through;983;503;1052;527;515.0;0.5;4;[];[];0.0;0.0;0;;;713.6981039387184;;
66;66;the;231;608;259;627;617.5;102.5;5;[1121];[27.102473904616083];0.4853;0.4853;1;13.7743;14.8955;47.31718890341654;14.33;0.4853
67;67;rows;268;613;308;627;620.0;2.5;5;[1177];[40.6070400000001];0.3239;0.3239;1;8.8378;7.9023;40.6070400000001;8.37;0.3239
68;68;of;316;608;333;627;617.5;2.5;5;[];[];0.0;0.0;0;;;52.14309125590476;;
69;69;the;339;608;367;627;617.5;0.0;5;[1176];[0.0];0.3236;0.3236;1;15.8096;17.1099;68.9389611592865;16.46;0.3236
70;70;DataFrame;376;609;473;627;618.0;0.5;5;[1122];[0.0];0.3876;0.3876;1;14.9293;15.7574;101.21338827310159;15.34;0.3876
71;71;for;480;608;505;627;617.5;0.5;5;[1123];[3.2239999999999327];0.3075;0.3075;1;13.3495;14.3236;200.8579427498988;13.84;0.3075
72;72;index,;513;608;565;632;620.0;2.5;5;[1124];[14.103867657688676];0.2427;0.2427;1;16.3309;16.513;232.45371402866772;16.42;0.2427
73;73;row;575;613;606;627;620.0;0.0;5;[];[];0.0;0.0;0;;;294.52315556798186;;
74;74;in;614;608;628;627;617.5;2.5;5;[];[];0.0;0.0;0;;;333.1940881314097;;
75;75;df.iterrows():;636;608;755;632;620.0;2.5;5;[1120, 1125];[3.235840000000053, 16.199679999999944];0.6793;0.3396;2;14.3438;15.0113;354.50315593196297;14.68;0.3396
76;76;print(index,;766;608;869;632;620.0;0.0;5;[1126];[6.543360000000007];0.4202;0.4202;1;14.7065;14.8864;484.02189161826317;14.8;0.4202
77;77;row['A'],;878;608;954;632;620.0;0.0;5;[1119, 1127, 1128];[0.0, 0.0, 0.0];1.5523;0.3236;3;14.3978;13.2651;595.7753948978774;13.83;0.5174
78;78;row['B'],;964;608;1039;632;620.0;0.0;5;[1129];[13.703680000000077];0.4528;0.4528;1;14.5998;11.7445;681.6410418730094;13.17;0.4528
79;79;row['C']);217;713;295;737;725.0;105.0;6;[1130];[3.0550399999999627];0.5989;0.5989;1;13.0795;13.7243;45.3929599999999;13.4;0.5989
80;80;°**;306;711;332;716;713.5;11.5;6;[];[];0.0;0.0;0;;;48.97663979614765;;
81;81;It's;344;713;371;732;722.5;9.0;6;[1131];[0.27479486458087043];1.375;1.375;1;14.0066;14.6205;75.80417855053636;14.31;1.375
82;82;important;380;713;467;737;725.0;2.5;6;[1132];[0.0];0.5823;0.5823;1;13.6797;14.5864;106.83361964157912;14.13;0.5823
83;83;to;474;714;490;732;723.0;2.0;6;[1133];[0.0];0.3562;0.3562;1;14.8875;14.8208;196.27216666079175;14.85;0.3562
84;84;note;499;714;537;732;723.0;0.0;6;[];[];0.0;0.0;0;;;220.6428865966941;;
85;85;that;545;713;580;732;722.5;0.5;6;[];[];0.0;0.0;0;;;265.6178726775019;;
86;86;‘iterrows()°;590;711;694;737;724.0;1.5;6;[1134];[0.0];0.2418;0.2418;1;15.6065;15.3895;309.7647792208172;15.5;0.2418
87;87;can;706;717;735;732;724.5;0.5;6;[];[];0.0;0.0;0;;;425.5863564139734;;
88;88;be;744;713;764;732;722.5;2.0;6;[];[];0.0;0.0;0;;;462.9412419365136;;
89;89;slow;772;713;810;732;722.5;0.0;6;[];[];0.0;0.0;0;;;490.813993164133;;
90;90;for;818;713;843;732;722.5;0.0;6;[];[];0.0;0.0;0;;;536.6337043884978;;
91;91;large;850;713;893;737;725.0;2.5;6;[1135];[8.836160000000064];0.2258;0.2258;1;14.6697;13.7163;568.5254596636123;14.19;0.2258
92;92;DataFrames,;902;713;1014;737;725.0;0.0;6;[1136];[10.57120000000009];0.4847;0.4847;1;14.5835;13.9268;620.3733391158277;14.26;0.4847
93;93;and;1023;713;1054;732;722.5;2.5;6;[];[];0.0;0.0;0;;;741.1018800986283;;
94;94;it's;361;817;385;837;827.0;104.5;7;[1137, 1138, 1139];[68.68640000000005, 79.74735792223844, 0.0];1.0027;0.2587;3;14.6243;14.4442;168.3958513910648;14.53;0.3342
95;95;recommended;393;817;519;837;827.0;0.0;7;[1140, 1143, 1152];[0.0, 0.0, 89.09536000000003];1.5209;0.4365;3;14.9318;14.7343;185.3500158233648;14.83;0.507
96;96;to;528;819;544;837;828.0;1.0;7;[];[];0.0;0.0;0;;;287.7551184700658;;
97;97;use;553;822;582;837;829.5;1.5;7;[];[];0.0;0.0;0;;;310.7746546385686;;
98;98;vectorized;590;817;680;837;827.0;2.5;7;[1141, 1142, 1144, 1154];[2.263799261772207, 0.6159999999999854, 0.0, 75.37375999999995];1.9889;0.5176;4;14.6192;15.0013;341.15909187023226;14.81;0.4972
99;99;operations;689;818;783;842;830.0;3.0;7;[1145, 1155];[2.804800000000114, 87.67036811387537];1.1;0.7117;2;14.786;14.5541;432.6880759689613;14.67;0.55
100;100;when;791;817;836;837;827.0;3.0;7;[1146];[0.0];1.4881;1.4881;1;14.948;14.1976;529.2335087328859;14.57;1.4881
101;101;feasible.;845;817;917;837;827.0;0.0;7;[1147, 1148, 1149, 1150, 1156];[0.0, 5.342399999999998, 0.0, 85.00937862928762, 97.28811302695514];3.607;0.5658;5;15.8276;15.4449;581.2373267140727;15.64;0.7214
