;number;text;x1;y1;x2;y2;y;diff_y;line;fixations;fix_distance;fix_duration;first_fix_duration;fix_number;pupil_l;pupil_r;distance;pupil;fix_duration_avg
0;0;The;222;241;254;260;250.5;;1;[];[];0.0;0.0;0;;;140.59028073112873;;
1;1;limits;263;241;310;260;250.5;0.0;1;[];[];0.0;0.0;0;;;96.49960743991444;;
2;2;of;318;241;335;260;250.5;0.0;1;[];[];0.0;0.0;0;;;81.67284883030342;;
3;3;knowledge;342;241;436;265;253.0;2.5;1;[];[];0.0;0.0;0;;;66.01823999999999;;
4;4;is;445;242;457;260;251.0;2.0;1;[];[];0.0;0.0;0;;;99.48309522756921;;
5;5;a;465;246;473;260;253.0;2.0;1;[];[];0.0;0.0;0;;;114.38317287108977;;
6;6;topic;482;242;524;265;253.5;0.5;1;[];[];0.0;0.0;0;;;125.4430477788929;;
7;7;that;532;241;567;260;250.5;3.0;1;[];[];0.0;0.0;0;;;172.0107573265626;;
8;8;has;575;241;604;260;250.5;0.0;1;[];[];0.0;0.0;0;;;211.91965986207512;;
9;9;been;613;241;654;260;250.5;0.0;1;[];[];0.0;0.0;0;;;248.04944635305603;;
10;10;explored;662;241;738;265;253.0;2.5;1;[];[];0.0;0.0;0;;;294.1692951959086;;
11;11;by;748;241;767;265;253.0;0.0;1;[];[];0.0;0.0;0;;;378.4680401778433;;
12;12;philosophers;776;241;888;265;253.0;0.0;1;[];[];0.0;0.0;0;;;406.06813595264725;;
13;13;for;896;241;920;260;250.5;2.5;1;[];[];0.0;0.0;0;;;525.4866862595642;;
14;14;centuries.;927;242;1013;260;251.0;0.5;1;[3246.0, 3247.0];[12.408960000000008, 78.0736];0.6309;0.2588;2;7.3715;6.2236;556.2180549353442;6.8;0.3154
15;15;It’s;1023;241;1050;260;250.5;0.5;1;[3248.0];[85.49455246069425];0.097;0.097;1;8.288;6.4695;651.5476343568885;7.38;0.097
16;16;about;215;346;265;365;355.5;105.0;2;[];[];0.0;0.0;0;;;111.34690366623398;;
17;17;philosophical;273;346;387;370;358.0;2.5;2;[3240.0, 3294.0, 3301.0];[0.0, 20.624000000000024, 14.981760000000008];0.9706;0.3236;3;9.2862;8.8528;14.981760000000008;9.07;0.3235
18;18;skepticism;396;346;488;370;358.0;0.0;2;[3241.0, 3300.0];[28.37567999999999, 31.242880000000014];0.5016;0.2587;2;9.4628;8.6701;25.524892870639082;9.07;0.2508
19;19;and;497;346;528;365;355.5;2.5;2;[3295.0];[41.77467265788688];0.2585;0.2585;1;9.319;8.6059;122.58454778665053;8.96;0.2585
20;20;whether;537;346;610;365;355.5;0.0;2;[3242.0, 3296.0];[23.644799999999975, 29.782719999999983];0.7766;0.4044;2;9.0387;8.7272;162.3583054729804;8.88;0.3883
21;21;it’s;617;346;641;365;355.5;0.0;2;[];[];0.0;0.0;0;;;242.12954250990856;;
22;22;possible;650;346;721;370;358.0;2.5;2;[3243.0, 3244.0];[2.8999101293661678, 43.59359999999998];0.55;0.3074;2;6.7306;5.619;275.0738899933209;6.17;0.275
23;23;to;728;347;745;365;356.0;2.0;2;[3297.0];[2.157759999999996];0.4043;0.4043;1;10.9439;10.255;353.0275372772748;10.6;0.4043
24;24;know;754;346;799;365;355.5;0.5;2;[3293.0];[0.0];0.1941;0.1941;1;9.9602;9.7075;378.96185791720205;9.83;0.1941
25;25;anything;807;346;883;370;358.0;2.5;2;[3245.0];[75.58208000000002];0.2104;0.2104;1;8.0831;7.2073;431.92550672084377;7.65;0.2104
26;26;at;892;347;909;365;356.0;2.0;2;[3298.0];[59.52224000000001];0.2587;0.2587;1;10.8493;10.7261;516.912718818233;10.79;0.2587
27;27;all.;916;346;940;365;355.5;0.5;2;[];[];0.0;0.0;0;;;540.8731312942599;;
28;28;Some;950;346;1000;365;355.5;0.0;2;[3299.0];[51.504492628647455];0.2424;0.2424;1;9.9427;8.9916;574.8608570393862;9.47;0.2424
29;29;argue;1008;351;1058;370;360.5;5.0;2;[3266.0];[10.21120000000002];0.097;0.097;1;7.4485;6.9671;632.9810677706386;7.21;0.097
30;30;that;263;450;299;470;460.0;99.5;3;[];[];0.0;0.0;0;;;141.36336101004954;;
31;31;our;306;455;335;470;462.5;2.5;3;[3249.0];[0.7228799999999751];0.3557;0.3557;1;7.9952;7.779;130.37768457852593;7.89;0.3557
32;32;perceptual;343;450;435;475;462.5;0.0;3;[];[];0.0;0.0;0;;;118.98176000000001;;
33;33;limitations;444;450;536;470;460.0;2.5;3;[3239.0, 3250.0, 3251.0];[0.0, 59.49759999999998, 46.318719999999985];0.744;0.1938;3;9.5935;8.9731;137.37402897221006;9.28;0.248
34;34;can;544;455;573;470;462.5;2.5;3;[];[];0.0;0.0;0;;;209.33122422624297;;
35;35;be;582;450;602;470;460.0;2.5;3;[3252.0];[4.867200000000025];0.3237;0.3237;1;8.4539;5.9332;238.46871794023136;7.19;0.3237
36;36;overcome;610;455;697;470;462.5;2.5;3;[3253.0];[36.99295999999998];0.3074;0.3074;1;9.0572;8.7839;265.40425888831857;8.92;0.3074
37;37;with;705;450;741;470;460.0;2.5;3;[3254.0];[14.136647316022312];0.3071;0.3071;1;9.0653;8.5742;350.4797669424836;8.82;0.3071
38;38;tools;749;450;791;470;460.0;0.0;3;[];[];0.0;0.0;0;;;392.1512971240279;;
39;39;and;799;450;830;470;460.0;0.0;3;[3255.0];[13.950080000000014];0.453;0.453;1;8.0381;7.6009;440.05590535301036;7.82;0.453
40;40;techniques;838;450;934;475;462.5;2.5;3;[3256.0];[40.133759999999995];0.2913;0.2913;1;9.9704;9.2679;477.71970509500403;9.62;0.2913
41;41;such;942;450;981;470;460.0;2.5;3;[3258.0];[22.44091332187704];0.3076;0.3076;1;8.8072;8.9964;579.0220733582249;8.9;0.3076
42;42;as;990;455;1008;470;462.5;2.5;3;[3257.0];[70.38560000000001];0.2423;0.2423;1;9.215;8.6455;627.0448760942535;8.93;0.2423
43;43;microscopes,;225;556;340;580;568.0;105.5;4;[3267.0];[24.94340154561121];0.3558;0.3558;1;9.3525;8.6578;227.73957090514068;9.01;0.3558
44;44;X-ray;349;556;397;580;568.0;0.0;4;[3259.0, 3274.0];[26.448639999999955, 29.274880000000053];0.6472;0.2589;2;10.2949;9.9033;224.98176;10.1;0.3236
45;45;film,;404;555;443;579;567.0;1.0;4;[3260.0, 3268.0];[16.775359999999978, 0.2460800000000063];0.5012;0.3558;2;7.7801;8.5968;225.80864783275595;8.19;0.2506
46;46;Geiger;452;556;510;580;568.0;1.0;4;[3275.0];[1.905620930195738];0.3396;0.3396;1;9.3573;8.5863;237.68552029111407;8.97;0.3396
47;47;counters,;517;557;599;579;568.0;0.0;4;[3261.0, 3269.0, 3273.0, 3276.0];[31.46271999999999, 47.98496, 16.840000000000032, 39.065920000000006];1.569;0.3881;4;8.6165;7.3518;266.71501284340485;7.98;0.3922
48;48;radio;609;555;652;575;565.0;3.0;4;[3262.0];[30.927040000000034];0.3558;0.3558;1;8.5933;7.7894;323.6779903485216;8.19;0.3558
49;49;satellites;660;555;738;575;565.0;0.0;4;[3270.0];[9.545920000000024];0.356;0.356;1;6.5389;5.0812;362.21862546818;5.81;0.356
50;50;detectors;746;555;828;575;565.0;0.0;4;[3263.0, 3264.0, 3271.0, 3272.0];[2.2688000000000557, 0.0, 28.903999999999996, 27.93696];1.165;0.2429;4;8.0366;7.2011;433.08292027746563;7.62;0.2913
51;51;etc.;836;557;867;575;566.0;1.0;4;[3279.0];[15.662400000000048];0.5823;0.5823;1;9.4361;6.8369;513.1087125318159;8.14;0.5823
52;52;Others;877;555;935;575;565.0;1.0;4;[3265.0];[31.305920000000015];0.2752;0.2752;1;8.986;7.838;549.3962168017338;8.41;0.2752
53;53;believe;944;555;1005;575;565.0;0.0;4;[3280.0];[1.9420800000000327];0.3721;0.3721;1;9.6303;7.6648;611.1860546806166;8.65;0.3721
54;54;that;1013;555;1048;575;565.0;0.0;4;[];[];0.0;0.0;0;;;675.8588952111659;;
55;55;exploring;216;660;297;685;672.5;107.5;5;[];[];0.0;0.0;0;;;338.1793557212764;;
56;56;the;306;660;334;680;670.0;2.5;5;[];[];0.0;0.0;0;;;331.568290154619;;
57;57;outer;342;662;389;680;671.0;1.0;5;[3278.0, 3282.0];[32.168319999999994, 46.70646462123202];0.7117;0.3397;2;9.8702;8.8384;330.98176;9.35;0.3558
58;58;limits;396;660;443;680;670.0;1.0;5;[3277.0, 3283.0];[17.644800000000032, 55.160319999999956];0.3883;0.2266;2;10.4986;9.1265;329.6301949701477;9.81;0.1941
59;59;of;451;660;468;680;670.0;0.0;5;[];[];0.0;0.0;0;;;337.57115018327266;;
60;60;knowledge;476;660;570;685;672.5;2.5;5;[3284.0];[42.32672000000002];0.2749;0.2749;1;6.6432;5.3851;344.0386045723032;6.01;0.2749
61;61;can;578;665;607;680;672.5;0.0;5;[];[];0.0;0.0;0;;;390.66246484152737;;
62;62;shed;615;660;655;680;670.0;2.5;5;[];[];0.0;0.0;0;;;407.02407574498295;;
63;63;light;665;660;703;685;672.5;2.5;5;[3285.0, 3286.0];[13.23709817722897, 0.0];0.6472;0.3075;2;7.6233;5.6486;438.3322464022669;6.64;0.3236
64;64;on;710;665;730;680;672.5;0.0;5;[];[];0.0;0.0;0;;;472.8053297458243;;
65;65;science;739;661;803;680;670.5;2.0;5;[3287.0];[35.653119999999944];0.2587;0.2587;1;8.9677;6.4773;491.06071982602884;7.72;0.2587
66;66;and;811;660;842;680;670.0;0.5;5;[];[];0.0;0.0;0;;;545.9244576276626;;
67;67;reason.;851;665;915;680;672.5;2.5;5;[3281.0, 3288.0];[38.086720000000014, 0.0];0.7117;0.21;2;9.7181;8.9119;581.2070018814791;9.32;0.3558
68;68;Let;925;661;951;680;670.5;2.0;5;[];[];0.0;0.0;0;;;641.108597474763;;
69;69;me;959;665;985;680;672.5;2.0;5;[3289.0];[25.89440000000002];0.3231;0.3231;1;9.3738;5.7422;672.4651281933195;7.56;0.3231
70;70;know;994;660;1039;680;670.0;2.5;5;[];[];0.0;0.0;0;;;700.696883849256;;
71;71;if;1048;660;1058;679;669.5;0.5;5;[];[];0.0;0.0;0;;;748.804385561448;;
72;72;you;471;770;502;789;779.5;110.0;6;[];[];0.0;0.0;0;;;449.2848680247952;;
73;73;want;511;766;553;784;775.0;4.5;6;[];[];0.0;0.0;0;;;455.64710748128056;;
74;74;to;560;766;577;784;775.0;0.0;6;[3290.0];[19.49515544432509];0.3558;0.3558;1;9.4337;8.6934;472.55742016823484;9.06;0.3558
75;75;know;586;765;631;784;774.5;0.5;6;[];[];0.0;0.0;0;;;482.41078246247525;;
76;76;more;640;770;684;784;777.0;2.5;6;[3291.0];[63.34975999999995];0.3234;0.3234;1;10.2633;10.0308;512.5942502955506;10.15;0.3234
77;77;on;692;770;712;784;777.0;0.0;6;[];[];0.0;0.0;0;;;541.278198190226;;
78;78;this;721;765;752;784;774.5;2.5;6;[3292.0];[63.28351999999995];0.1941;0.1941;1;9.0594;8.0247;554.8196779459589;8.54;0.1941
79;79;topic.;760;766;807;789;777.5;3.0;6;[];[];0.0;0.0;0;;;580.6692305917868;;
