;number;text;x1;y1;x2;y2;fixations;fix_duration;first_fix_duration;fix_number;pupil_l;pupil_r;y;diff_y;line;distance;pupil;fix_duration_avg;fix_distance
0;0;As;216;347;237;365;[];0.0;0.0;0;;;356.0;;1;333.22349673326215;;;[]
1;1;a;245;351;253;365;[];0.0;0.0;0;;;358.0;2.0;1;317.449835367956;;;[]
2;2;large-language;262;346;396;370;[1664.0, 1666.0];0.5339;0.3236;2;12.1743;11.0666;358.0;0.0;1;176.8084737085369;11.62;0.2669;[9.370240000000024, 21.166719999999998]
3;3;model,;405;346;464;370;[1665.0];0.4529;0.4529;1;15.131;14.6115;358.0;0.0;1;113.14308628962878;14.87;0.4529;[37.74527999999998]
4;4;my;473;351;500;370;[1663.0];0.1941;0.1941;1;14.9519;13.6276;360.5;2.5;1;82.29508597202138;14.29;0.1941;[28.797244035247545]
5;5;mission;508;346;574;365;[1667.0, 1681.0];0.6143;0.3395;2;11.7669;10.7578;355.5;5.0;1;54.51231999999999;11.26;0.3072;[5.419845960910688, 12.589760000000012]
6;6;is;583;346;595;365;[];0.0;0.0;0;;;355.5;0.0;1;57.18123796440928;;;[]
7;7;to;603;347;619;365;[];0.0;0.0;0;;;356.0;0.5;1;66.03270383031732;;;[]
8;8;provide;628;346;693;370;[1682.0];0.2748;0.2748;1;11.4602;11.8995;358.0;2.0;1;79.55171132755352;11.68;0.2748;[61.872000000000014]
9;9;suggestions;701;346;807;370;[1668.0, 1669.0, 1683.0];0.8093;0.2427;3;13.5726;12.5074;358.0;0.0;1;144.04253668671078;13.04;0.2698;[9.933440000000019, 32.32832000000002, 64.36032]
10;10;which;815;346;864;365;[];0.0;0.0;0;;;355.5;2.5;1;255.15668201154838;;;[]
11;11;best;873;346;910;365;[1670.0, 1684.0];0.5989;0.3561;2;12.9541;12.2844;355.5;0.0;1;312.0636825635794;12.62;0.2994;[24.924800000000005, 67.0990481804802]
12;12;match;918;346;971;365;[1671.0];0.3881;0.3881;1;15.415;12.9107;355.5;0.0;1;356.4584772103792;14.16;0.3881;[14.541440000000023]
13;13;your;979;351;1020;370;[];0.0;0.0;0;;;360.5;5.0;1;416.22100616756774;;;[]
14;14;use;1027;351;1056;365;[];0.0;0.0;0;;;358.0;2.5;1;464.4755610095567;;;[]
15;15;case.;217;455;261;470;[];0.0;0.0;0;;;462.5;104.5;2;306.79379063980804;;;[]
16;16;If;271;450;284;470;[1672.0];0.3076;0.3076;1;12.6753;11.9084;460.0;2.5;2;283.3791996162428;12.29;0.3076;[0.0]
17;17;you;290;455;321;475;[];0.0;0.0;0;;;465.0;5.0;2;247.29395863049783;;;[]
18;18;want;330;452;372;470;[];0.0;0.0;0;;;461.0;4.0;2;196.43947438114972;;;[]
19;19;to;380;452;396;470;[];0.0;0.0;0;;;461.0;0.0;2;172.8155545520784;;;[]
20;20;pick;405;450;439;475;[1673.0];0.2913;0.2913;1;12.2071;11.6734;462.5;1.5;2;130.3499396821586;11.94;0.2913;[0.0]
21;21;a;447;455;455;470;[];0.0;0.0;0;;;462.5;0.0;2;116.28191078212633;;;[]
22;22;song;464;455;504;475;[];0.0;0.0;0;;;465.0;2.5;2;71.20752470871595;;;[]
23;23;for;513;450;537;470;[];0.0;0.0;0;;;460.0;5.0;2;41.894681943444766;;;[]
24;24;its;545;451;564;470;[1674.0, 1680.0];0.6633;0.275;2;12.1059;10.1661;460.5;0.5;2;31.5354108129639;11.14;0.3316;[2.436800000000005, 42.526400000000024]
25;25;recognisability,;573;450;707;475;[1675.0, 1679.0, 1695.0, 1698.0];1.1484;0.437;4;13.3783;11.466;462.5;2.0;2;31.34146734188432;12.42;0.2871;[0.0, 20.534400000000005, 36.938559999999995, 31.34146734188432]
26;26;I;719;451;721;470;[];0.0;0.0;0;;;460.5;2.0;2;156.46666780864996;;;[]
27;27;recommend;730;450;834;470;[1676.0];0.3559;0.3559;1;13.9437;10.7701;460.0;0.5;2;167.07090104246885;12.36;0.3559;[5.246080000000006]
28;28;"""Faded""";844;450;912;470;[];0.0;0.0;0;;;460.0;0.0;2;279.93078211433345;;;[]
29;29;by;921;450;941;475;[1677.0];0.3233;0.3233;1;13.7139;11.7695;462.5;2.5;2;356.5713745873923;12.74;0.3233;[6.006346476053487]
30;30;Alan;948;450;986;470;[1678.0];0.2908;0.2908;1;12.3211;10.8317;460.0;2.5;2;383.479448699852;11.58;0.2908;[5.8604799999999955]
31;31;Walker;995;450;1056;470;[];0.0;0.0;0;;;460.0;0.0;2;430.3468995765421;;;[]
32;32;and;239;555;270;575;[];0.0;0.0;0;;;565.0;105.0;3;325.2933242093086;;;[]
33;33;"""Waiting";279;555;352;580;[1685.0, 1686.0];0.5981;0.2747;2;12.4848;11.8788;567.5;2.5;3;253.0598845632045;12.18;0.2991;[0.0, 2.6764799999999696]
34;34;for;361;555;385;575;[];0.0;0.0;0;;;565.0;2.5;3;225.8801336442459;;;[]
35;35;"Love""";393;555;441;575;[1697.0];0.2585;0.2585;1;13.0368;12.4846;565.0;0.0;3;184.16183636992324;12.76;0.2585;[39.607900258892826]
36;36;by;450;555;470;580;[];0.0;0.0;0;;;567.5;2.5;3;165.8975188938713;;;[]
37;37;Avicii.;477;556;529;575;[1687.0];0.3884;0.3884;1;12.4558;10.1253;565.5;2.0;3;141.3446247125882;11.29;0.3884;[2.0467200000000503]
38;38;Let;539;556;565;575;[];0.0;0.0;0;;;565.5;0.0;3;136.48965578073089;;;[]
39;39;me;573;560;599;575;[1696.0];0.4044;0.4044;1;11.7804;8.5039;567.5;2.0;3;140.67543202401194;10.14;0.4044;[18.559999999999945]
40;40;know;608;555;653;575;[1688.0];0.372;0.372;1;11.8722;5.4221;565.0;2.5;3;141.9270670983601;8.65;0.372;[49.59456]
41;41;if;662;555;672;575;[1694.0];0.4204;0.4204;1;11.9013;10.8176;565.0;0.0;3;166.20462440961867;11.36;0.4204;[23.666879999999992]
42;42;there;678;555;724;575;[1693.0];0.2589;0.2589;1;10.4267;11.6437;565.0;0.0;3;175.95589326630244;11.04;0.2589;[8.24544000000003]
43;43;are;732;560;760;575;[1689.0];0.2263;0.2263;1;12.5759;5.5428;567.5;2.5;3;217.67185848230915;9.06;0.2263;[5.076500171417271]
44;44;other;768;555;814;575;[];0.0;0.0;0;;;565.0;2.5;3;243.45078429765312;;;[]
45;45;parameters;822;557;923;580;[1690.0, 1691.0];0.631;0.3397;2;13.9765;13.1427;568.5;3.5;3;290.81767466084733;13.56;0.3155;[2.9836800000000494, 18.46816000000001]
46;46;you;931;560;962;580;[];0.0;0.0;0;;;570.0;1.5;3;391.3511808786866;;;[]
47;47;wish;971;555;1009;575;[1692.0];0.2427;0.2427;1;13.5488;12.0834;565.0;5.0;3;427.31384013994034;12.82;0.2427;[8.399040000000014]
48;48;to;1017;557;1033;575;[];0.0;0.0;0;;;566.0;1.0;3;471.74516838558344;;;[]
49;49;specify.;606;660;672;685;[];0.0;0.0;0;;;672.5;106.5;4;243.835277954488;;;[]
