;number;text;x1;y1;x2;y2;fixations;fix_duration;first_fix_duration;fix_number;pupil_l;pupil_r;y;diff_y;line;distance;pupil;fix_duration_avg;fix_distance
0;0;The;234;346;266;365;[];0.0;0.0;0;;;355.5;;1;826.6775748701797;;;[]
1;1;Super;274;346;327;370;[];0.0;0.0;0;;;358.0;2.5;1;769.1102714131711;;;[]
2;2;Bow!;335;346;374;365;[606.0, 607.0];0.5175;0.2585;2;13.6553;15.7973;355.5;2.5;1;729.1697141223308;14.73;0.2588;[66.04255999999998, 21.078719999999976]
3;3;played;384;346;440;370;[];0.0;0.0;0;;;358.0;2.5;1;668.6933383795905;;;[]
4;4;in;450;346;463;365;[];0.0;0.0;0;;;355.5;2.5;1;651.3089785909922;;;[]
5;5;1987;473;346;515;365;[608.0];0.2427;0.2427;1;11.0351;12.2083;355.5;0.0;1;607.2356300426067;11.62;0.2427;[22.67615999999998]
6;6;is;524;346;536;365;[];0.0;0.0;0;;;355.5;0.0;1;589.8028999532314;;;[]
7;7;commonly;544;346;636;370;[];0.0;0.0;0;;;358.0;2.5;1;507.23372442419634;;;[]
8;8;known;645;346;701;365;[609.0];0.3075;0.3075;1;13.8192;14.1314;355.5;2.5;1;463.2465399689906;13.98;0.3075;[47.63068804212679]
9;9;as;710;351;728;365;[];0.0;0.0;0;;;358.0;2.5;1;444.94215533397323;;;[]
10;10;Super;736;346;788;370;[610.0];0.3235;0.3235;1;12.468;12.813;358.0;0.0;1;403.658291124116;12.64;0.3235;[20.901760000000024]
11;11;Bowl;796;346;836;365;[];0.0;0.0;0;;;355.5;2.5;1;382.17558895518374;;;[]
12;12;XXI.;845;347;881;365;[611.0];0.3557;0.3557;1;14.5855;14.2063;356.0;0.5;1;362.36968525697836;14.4;0.3557;[1.5612800000000107]
13;13;It;891;347;904;365;[];0.0;0.0;0;;;356.0;0.0;1;354.0321228267875;;;[]
14;14;was;911;351;944;365;[];0.0;0.0;0;;;358.0;2.0;1;342.74019313941216;;;[]
15;15;played;953;346;1009;370;[612.0, 625.0];0.6956;0.291;2;12.9042;14.17;358.0;0.0;1;328.93593052939895;13.54;0.3478;[26.605439999999987, 2.530301919060198]
16;16;on;1018;351;1038;365;[];0.0;0.0;0;;;358.0;0.0;1;333.66495999999995;;;[]
17;17;January;225;451;295;475;[];0.0;0.0;0;;;463.0;105.0;2;760.9614255619279;;;[]
18;18;25,;303;451;329;475;[613.0];0.4528;0.4528;1;13.6543;14.4938;463.0;0.0;2;728.5317925754796;14.07;0.4528;[24.415039999999976]
19;19;1987,;340;451;388;475;[626.0];0.4207;0.4207;1;13.3613;14.1911;463.0;0.0;2;672.6250176682707;13.78;0.4207;[2.526967059856524]
20;20;between;397;450;471;470;[];0.0;0.0;0;;;460.0;3.0;2;596.8862229883025;;;[]
21;21;the;479;450;507;470;[614.0];0.2911;0.2911;1;14.3001;14.6332;460.0;0.0;2;563.8014274487442;14.47;0.2911;[43.52575999999999]
22;22;AFC;514;451;548;470;[];0.0;0.0;0;;;460.5;0.5;2;526.5875501692396;;;[]
23;23;champion;556;450;642;475;[615.0, 627.0];0.5819;0.3233;2;13.1194;13.9562;462.5;2.0;2;441.23828482265856;13.54;0.2909;[10.836799999999982, 23.155520000000024]
24;24;Denver;651;451;714;470;[618.0, 628.0];0.4691;0.1941;2;13.5085;14.2777;460.5;2.0;2;383.88363652706215;13.89;0.2346;[36.33728000000002, 20.87488000000002]
25;25;Broncos;722;451;792;470;[616.0];0.3073;0.3073;1;14.9482;15.7293;460.5;0.0;2;324.57392623752384;15.34;0.3073;[12.713599999999985]
26;26;and;800;450;831;470;[629.0];0.3237;0.3237;1;14.0129;14.5394;460.0;0.5;2;298.16442979208904;14.28;0.3237;[4.839040000000011]
27;27;the;839;450;867;470;[];0.0;0.0;0;;;460.0;0.0;2;276.4433279955253;;;[]
28;28;NFC;876;451;910;470;[];0.0;0.0;0;;;460.5;0.5;2;254.77424672294015;;;[]
29;29;champion;918;450;1003;475;[617.0, 630.0, 631.0];0.792;0.307;3;15.9149;16.8714;462.5;2.0;2;224.5003126796076;16.39;0.264;[8.082240000000013, 15.260479999999973, 2.9724800000000187]
30;30;New;1012;451;1049;470;[];0.0;0.0;0;;;460.5;2.0;2;228.66495999999995;;;[]
31;31;York;231;555;271;575;[];0.0;0.0;0;;;565.0;104.5;3;761.4578396689088;;;[]
32;32;Giants.;279;556;340;575;[632.0];0.3884;0.3884;1;14.3432;14.6916;565.5;0.5;3;693.4644238843414;14.52;0.3884;[8.330516190873203]
33;33;The;348;555;380;575;[];0.0;0.0;0;;;565.0;0.5;3;654.1444818946665;;;[]
34;34;New;389;556;425;575;[619.0];0.3396;0.3396;1;14.8056;14.7636;565.5;0.5;3;610.0152548856803;14.78;0.3396;[8.505919999999946]
35;35;York;433;555;472;575;[];0.0;0.0;0;;;565.0;0.5;3;564.0716479253691;;;[]
36;36;Giants;480;556;536;575;[623.0];0.3884;0.3884;1;14.3334;14.6299;565.5;0.5;3;501.82484752475295;14.48;0.3884;[0.0]
37;37;won;544;560;578;575;[620.0, 633.0];0.6149;0.3398;2;14.5105;14.7371;567.5;2.0;3;461.23625008583355;14.62;0.3074;[19.52416000000005, 12.448319999999967]
38;38;the;587;555;614;575;[];0.0;0.0;0;;;565.0;2.5;3;426.6635264388574;;;[]
39;39;game;622;560;671;580;[621.0, 624.0];0.4687;0.1939;2;11.0658;11.1211;570.0;5.0;3;370.84680394098257;11.09;0.2343;[17.493759999999952, 63.548283283865324]
40;40;with;679;555;715;575;[];0.0;0.0;0;;;565.0;5.0;3;331.29489460787283;;;[]
41;41;a;723;560;732;575;[];0.0;0.0;0;;;567.5;2.5;3;315.5874648861098;;;[]
42;42;score;740;560;787;575;[622.0, 634.0];0.5174;0.2749;2;14.2805;14.9888;567.5;0.0;3;265.86101630972826;14.63;0.2587;[16.882240000000024, 20.804160000000024]
43;43;of;795;555;812;575;[];0.0;0.0;0;;;565.0;2.5;3;244.00745888853803;;;[]
44;44;39-20,;819;556;876;579;[];0.0;0.0;0;;;567.5;2.5;3;189.04410573525317;;;[]
45;45;earning;885;556;950;580;[635.0, 636.0];0.4367;0.3557;2;15.1583;15.9662;568.0;0.5;3;138.9810116283573;15.56;0.2184;[0.0, 15.886079999999993]
46;46;their;959;555;1000;575;[];0.0;0.0;0;;;565.0;3.0;3;125.66817892068615;;;[]
47;47;first;1007;555;1042;575;[];0.0;0.0;0;;;565.0;0.0;3;123.66495999999995;;;[]
48;48;Super;230;660;282;685;[];0.0;0.0;0;;;672.5;107.5;4;740.4748995025027;;;[]
49;49;Bowl;290;660;330;680;[637.0];0.3235;0.3235;1;14.8343;15.4209;670.0;2.5;4;692.6003476704597;15.13;0.3235;[17.292800000000057]
50;50;championship.;339;660;467;685;[];0.0;0.0;0;;;672.5;2.5;4;555.5168951465307;;;[]
51;51;The;475;660;508;680;[638.0];0.2584;0.2584;1;12.3263;14.0485;670.0;2.5;4;514.6873505277175;13.19;0.2584;[14.02624000000003]
52;52;game;516;665;564;685;[];0.0;0.0;0;;;675.0;5.0;4;458.5524545711663;;;[]
53;53;was;572;665;605;680;[];0.0;0.0;0;;;672.5;2.5;4;417.7659650967771;;;[]
54;54;played;614;660;670;685;[639.0];0.2427;0.2427;1;12.4413;13.9089;672.5;0.0;4;352.6136809501889;13.18;0.2427;[8.934079999999994]
55;55;at;679;662;696;680;[];0.0;0.0;0;;;671.0;1.5;4;326.8821194149989;;;[]
56;56;the;703;660;731;680;[];0.0;0.0;0;;;670.0;1.0;4;291.9460635001637;;;[]
57;57;Rose;739;661;781;680;[640.0];0.3237;0.3237;1;14.6233;15.7754;670.5;0.5;4;242.06946109173208;15.2;0.3237;[13.183773081542313]
58;58;Bowl;789;660;829;680;[];0.0;0.0;0;;;670.0;0.5;4;194.24762339148862;;;[]
59;59;in;839;665;852;679;[];0.0;0.0;0;;;672.0;2.0;4;171.4800988839276;;;[]
60;60;Pasadena,;861;660;950;684;[641.0];0.3231;0.3231;1;15.9235;16.9189;672.0;0.0;4;73.82011862115635;16.42;0.3231;[10.38463999999999]
61;61;California.;959;660;1048;680;[642.0];0.1622;0.1622;1;12.9622;15.5662;670.0;2.0;4;18.66495999999995;14.26;0.1622;[18.66495999999995]
