;number;text;x1;y1;x2;y2;fixations;fix_duration;first_fix_duration;fix_number;pupil_l;pupil_r;y;diff_y;line;distance;pupil;fix_duration_avg;fix_distance
0;0;I'm;212;188;240;208;[];0.0;0.0;0;;;198.0;;1;808.2955546666865;;;[]
1;1;sorry,;249;193;299;213;[2795.0];0.2749;0.2749;1;14.9253;16.6268;203.0;5.0;1;766.8177137324923;15.78;0.2749;[20.4186771561333]
2;2;but;309;188;336;208;[];0.0;0.0;0;;;198.0;5.0;1;748.6349271132935;;;[]
3;3;I;344;189;349;208;[];0.0;0.0;0;;;198.5;0.5;1;741.142864294008;;;[]
4;4;don’t;358;188;402;208;[2796.0];0.2425;0.2425;1;15.8828;17.5491;198.0;0.5;1;712.2402210588267;16.72;0.2425;[0.0]
5;5;know;411;188;456;208;[2794.0];0.2101;0.2101;1;12.6864;14.9643;198.0;0.0;1;685.7586616980687;13.83;0.2101;[27.560959999999994]
6;6;how;465;188;499;208;[2797.0, 2798.0];0.7766;0.2427;2;14.3211;16.2118;198.0;0.0;1;667.0503019217714;15.27;0.3883;[17.990472859333078, 0.0]
7;7;to;507;190;523;208;[];0.0;0.0;0;;;199.0;1.0;1;657.6003671637709;;;[]
8;8;answer;532;193;595;208;[];0.0;0.0;0;;;200.5;1.5;1;633.8743216868202;;;[]
9;9;your;602;193;642;213;[];0.0;0.0;0;;;203.0;2.5;1;617.5154162398914;;;[]
10;10;question.;649;189;730;213;[2799.0];0.2583;0.2583;1;16.2502;17.0008;201.0;2.0;1;605.1664733723493;16.63;0.2583;[41.97407999999999]
11;11;There;738;188;789;208;[];0.0;0.0;0;;;198.0;3.0;1;608.72192;;;[]
12;12;is;798;189;810;208;[2800.0];0.4358;0.4358;1;15.6424;16.6059;198.5;0.5;1;609.2859779232789;16.12;0.4358;[59.433279999999996]
13;13;no;818;193;838;208;[];0.0;0.0;0;;;200.5;2.0;1;610.4734645289067;;;[]
14;14;reliable;847;188;911;208;[];0.0;0.0;0;;;198.0;2.5;1;613.3507157360513;;;[]
15;15;way;919;193;953;213;[];0.0;0.0;0;;;203.0;5.0;1;621.4107289819884;;;[]
16;16;to;961;190;977;208;[];0.0;0.0;0;;;199.0;4.0;1;637.4505895313976;;;[]
17;17;estimate;985;189;1062;208;[2801.0];0.3558;0.3558;1;14.4838;15.9935;198.5;0.5;1;644.981698727899;15.24;0.3558;[0.0]
18;18;the;240;293;267;313;[];0.0;0.0;0;;;303.0;104.5;2;713.1251680412959;;;[]
19;19;number;276;293;345;313;[2802.0];0.275;0.275;1;15.3771;17.0858;303.0;0.0;2;660.2154591449116;16.23;0.275;[0.0]
20;20;of;352;293;369;313;[];0.0;0.0;0;;;303.0;0.0;2;644.9609213696024;;;[]
21;21;chairs;375;293;427;313;[2803.0];0.3882;0.3882;1;14.9828;15.8252;303.0;0.0;2;610.4220583284375;15.4;0.3882;[25.722515686114342]
22;22;in;436;294;449;312;[];0.0;0.0;0;;;303.0;0.0;2;599.1133665124877;;;[]
23;23;the;457;293;485;313;[];0.0;0.0;0;;;303.0;0.0;2;579.640913405814;;;[]
24;24;city;493;294;523;318;[];0.0;0.0;0;;;306.0;3.0;2;557.3324147166809;;;[]
25;25;of;531;293;548;313;[];0.0;0.0;0;;;303.0;3.0;2;551.1961535550901;;;[]
26;26;Berlin;556;293;605;313;[];0.0;0.0;0;;;303.0;0.0;2;530.6168829710626;;;[]
27;27;based;614;293;664;313;[];0.0;0.0;0;;;303.0;0.0;2;515.1254197706869;;;[]
28;28;on;673;298;693;313;[];0.0;0.0;0;;;305.5;2.5;2;509.84649424500935;;;[]
29;29;the;701;293;729;313;[2804.0];0.2585;0.2585;1;14.4323;15.4539;303.0;2.5;2;505.5360067234839;14.94;0.2585;[1.6035200000000032]
30;30;information;738;293;839;313;[];0.0;0.0;0;;;303.0;0.0;2;503.72191999999995;;;[]
31;31;available;847;293;925;313;[2805.0, 2806.0];0.4366;0.2103;2;14.9372;16.3291;303.0;0.0;2;509.30589756444635;15.63;0.2183;[25.636799999999994, 2.98720000000003]
32;32;online.;933;293;991;313;[];0.0;0.0;0;;;303.0;0.0;2;528.8901811283004;;;[]
33;33;The;1000;293;1032;313;[];0.0;0.0;0;;;303.0;0.0;2;553.0064416387266;;;[]
34;34;population;228;398;320;422;[];0.0;0.0;0;;;410.0;107.0;3;599.9320911019233;;;[]
35;35;of;329;398;346;418;[2807.0];0.2752;0.2752;1;15.3944;16.0291;408.0;2.0;3;583.3311852575057;15.71;0.2752;[8.833919999999978]
36;36;Berlin;354;398;402;418;[];0.0;0.0;0;;;408.0;0.0;3;543.8041247489085;;;[]
37;37;is;412;399;424;418;[];0.0;0.0;0;;;408.5;0.5;3;529.0899913000873;;;[]
38;38;about;432;398;482;418;[2808.0, 2809.0];0.6628;0.3396;2;14.2154;12.9177;408.0;0.5;3;492.9063989176103;13.57;0.3314;[7.47199999999998, 12.320640000000026]
39;39;3.7;490;398;517;418;[];0.0;0.0;0;;;408.0;0.0;3;473.17703039552373;;;[]
40;40;million;526;398;583;418;[];0.0;0.0;0;;;408.0;0.0;3;441.15799946722757;;;[]
41;41;people,;592;398;655;422;[];0.0;0.0;0;;;410.0;2.0;3;411.636997771005;;;[]
42;42;according;664;398;749;422;[];0.0;0.0;0;;;410.0;0.0;3;395.3792148481333;;;[]
43;43;to;757;400;774;418;[2810.0];0.324;0.324;1;14.0519;14.5482;409.0;1.0;3;398.72191999999995;14.3;0.324;[23.485439999999983]
44;44;the;782;398;809;418;[];0.0;0.0;0;;;408.0;1.0;3;398.8526521084276;;;[]
45;45;latest;818;398;866;418;[];0.0;0.0;0;;;408.0;0.0;3;401.39088740768193;;;[]
46;46;estimates,;873;399;965;422;[2811.0];0.3232;0.3232;1;12.7272;15.5114;410.5;2.5;3;407.49122829077726;14.12;0.3232;[16.74079999999998]
47;47;but;974;398;1002;418;[];0.0;0.0;0;;;408.0;2.5;3;447.0665933548674;;;[]
48;48;that;1009;398;1045;418;[];0.0;0.0;0;;;408.0;0.0;3;463.94862096349243;;;[]
49;49;does;233;503;273;522;[];0.0;0.0;0;;;512.5;104.5;4;579.3541897094785;;;[]
50;50;not;282;504;309;522;[];0.0;0.0;0;;;513.0;0.5;4;548.666094755204;;;[]
51;51;tell;317;503;342;522;[];0.0;0.0;0;;;512.5;0.5;4;521.1328263829928;;;[]
52;52;us;352;508;370;522;[];0.0;0.0;0;;;515.0;2.5;4;498.29233381011034;;;[]
53;53;how;379;503;413;522;[];0.0;0.0;0;;;512.5;2.5;4;464.3171471461359;;;[]
54;54;many;422;508;470;527;[];0.0;0.0;0;;;517.5;5.0;4;418.34826488695563;;;[]
55;55;chairs;478;503;530;522;[];0.0;0.0;0;;;512.5;5.0;4;381.2123213301564;;;[]
56;56;each;538;503;577;522;[2814.0];0.2266;0.2266;1;13.3404;14.6366;512.5;0.0;4;353.2756526197728;13.99;0.2266;[13.118400000000008]
57;57;person;587;508;645;527;[];0.0;0.0;0;;;517.5;5.0;4;316.2502027413206;;;[]
58;58;or;654;508;671;522;[];0.0;0.0;0;;;515.0;2.5;4;311.4793610079589;;;[]
59;59;household;679;503;768;522;[2815.0];0.2266;0.2266;1;14.1566;14.299;512.5;2.5;4;294.74627246824747;14.23;0.2266;[0.0]
60;60;owns;777;508;822;522;[];0.0;0.0;0;;;515.0;2.5;4;294.76798797346765;;;[]
61;61;or;830;508;848;522;[];0.0;0.0;0;;;515.0;0.0;4;300.4156353020368;;;[]
62;62;uses.;856;508;899;522;[];0.0;0.0;0;;;515.0;0.0;4;306.5167798570355;;;[]
63;63;The;908;503;940;522;[2816.0, 2817.0, 2818.0];0.9546;0.2107;3;12.7523;13.3382;512.5;2.5;4;324.6759940832189;13.05;0.3182;[39.910462506686144, 3.974080000000015, 0.0]
64;64;number;949;503;1017;522;[];0.0;0.0;0;;;512.5;0.0;4;343.8965244574687;;;[]
65;65;of;1024;503;1041;522;[];0.0;0.0;0;;;512.5;0.0;4;387.90656031308157;;;[]
66;66;chairs;216;608;268;627;[];0.0;0.0;0;;;617.5;105.0;5;538.328488874522;;;[]
67;67;in;277;608;290;627;[2812.0, 2819.0];0.6466;0.3553;2;14.0368;15.5628;617.5;0.0;5;517.7980829762953;14.8;0.3233;[31.747046827974373, 40.381759999999986]
68;68;Berlin;300;608;348;627;[2820.0];0.3235;0.3235;1;13.8646;15.1151;617.5;0.0;5;464.31816024567297;14.49;0.3235;[18.058560000000057]
69;69;may;358;613;394;632;[];0.0;0.0;0;;;622.5;5.0;5;420.5312891259417;;;[]
70;70;also;402;608;436;627;[2813.0];0.2425;0.2425;1;13.851;13.9865;617.5;5.0;5;385.67930348143705;13.92;0.2425;[45.33248000000003]
71;71;depend;445;608;509;632;[2821.0];0.2587;0.2587;1;12.4115;13.2248;620.0;2.5;5;321.21665762212024;12.82;0.2587;[0.0]
72;72;on;518;613;538;627;[];0.0;0.0;0;;;620.0;0.0;5;301.0840579205854;;;[]
73;73;other;546;608;593;627;[];0.0;0.0;0;;;617.5;2.5;5;260.6910852597886;;;[]
74;74;factors,;600;608;666;632;[2822.0];0.2747;0.2747;1;13.16;13.4878;620.0;2.5;5;212.8695796348703;13.32;0.2747;[25.210879999999975]
75;75;such;675;608;714;627;[];0.0;0.0;0;;;617.5;2.5;5;198.3278909632389;;;[]
76;76;as;722;613;741;627;[];0.0;0.0;0;;;620.0;2.5;5;192.20394671787147;;;[]
77;77;the;748;608;776;627;[2823.0];0.34;0.34;1;11.71;14.3816;617.5;2.5;5;189.72191999999995;13.05;0.34;[0.0]
78;78;size;784;608;817;627;[];0.0;0.0;0;;;617.5;0.0;5;190.11449269828532;;;[]
79;79;and;825;608;855;627;[];0.0;0.0;0;;;617.5;0.0;5;197.04273326851305;;;[]
80;80;type;864;609;902;632;[2824.0, 2825.0];0.6147;0.3882;2;12.9246;14.3357;620.5;3.0;5;206.4584537720032;13.63;0.3074;[0.0, 0.0]
81;81;of;910;608;927;627;[];0.0;0.0;0;;;617.5;3.0;5;234.72695357356463;;;[]
82;82;buildings,;935;608;1019;632;[];0.0;0.0;0;;;620.0;2.5;5;246.49560550631804;;;[]
83;83;the;1028;608;1055;627;[];0.0;0.0;0;;;617.5;2.5;5;318.80807068505396;;;[]
84;84;number;254;713;322;732;[2826.0];0.2748;0.2748;1;13.8212;14.7123;722.5;105.0;6;457.69833770063707;14.27;0.2748;[12.583999999999946]
85;85;and;330;713;360;732;[];0.0;0.0;0;;;722.5;0.0;6;420.41386696198117;;;[]
86;86;nature;370;714;426;732;[];0.0;0.0;0;;;723.0;0.5;6;356.016429303377;;;[]
87;87;of;434;713;451;732;[];0.0;0.0;0;;;722.5;0.5;6;331.7879713520766;;;[]
88;88;public;459;713;510;737;[2827.0];0.2425;0.2425;1;13.5285;14.302;725.0;2.5;6;273.6584738938782;13.92;0.2425;[1.170880000000011]
89;89;spaces,;518;717;582;737;[2828.0];0.2427;0.2427;1;13.1058;13.1176;727.0;2.0;6;205.85279481689435;13.11;0.2427;[2.4016000000000304]
90;90;the;591;713;619;732;[];0.0;0.0;0;;;722.5;4.5;6;174.70609930373467;;;[]
91;91;demand;627;713;697;732;[];0.0;0.0;0;;;722.5;0.0;6;113.00959399062718;;;[]
92;92;and;706;713;737;732;[2829.0];0.3074;0.3074;1;13.0238;13.3059;722.5;0.0;6;91.58637635547328;13.16;0.3074;[25.650240000000053]
93;93;supply;746;713;803;737;[2831.0];0.1946;0.1946;1;14.1915;15.4683;725.0;2.5;6;79.72191999999995;14.83;0.1946;[23.340479999999957]
94;94;of;811;713;828;732;[];0.0;0.0;0;;;722.5;2.5;6;93.35588858731082;;;[]
95;95;furniture,;834;713;917;737;[2830.0];0.2425;0.2425;1;14.2266;15.2557;725.0;2.5;6;101.12278642287498;14.74;0.2425;[19.444799999999987]
96;96;and;926;713;957;732;[];0.0;0.0;0;;;722.5;2.5;6;175.95140787707948;;;[]
97;97;so;966;718;984;732;[];0.0;0.0;0;;;725.0;2.5;6;211.88627594520221;;;[]
98;98;on.;992;718;1018;732;[];0.0;0.0;0;;;725.0;0.0;6;235.94655397764635;;;[]
99;99;Therefore,;344;817;436;841;[2832.0];0.2266;0.2266;1;12.4155;14.3356;829.0;104.0;7;335.78891514450925;13.38;0.2266;[1.2608000000000175]
100;100;1;445;818;450;837;[];0.0;0.0;0;;;827.5;1.5;7;321.79133812756123;;;[]
101;101;cannot;459;819;518;837;[];0.0;0.0;0;;;828.0;0.5;7;253.79902413903488;;;[]
102;102;explain;526;817;588;842;[];0.0;0.0;0;;;829.5;1.5;7;183.78901037310803;;;[]
103;103;my;598;822;624;842;[2833.0];0.2103;0.2103;1;12.2891;12.9744;832.0;2.5;7;147.88301976199435;12.63;0.2103;[31.205760000000055]
104;104;answer;632;822;695;837;[];0.0;0.0;0;;;829.5;2.5;7;76.96998073227255;;;[]
105;105;because;703;817;774;837;[2834.0, 2835.0];0.6631;0.3557;2;13.3409;14.1627;827.0;2.5;7;0.2780800000000454;13.75;0.3315;[13.661759999999958, 0.2780800000000454]
106;106;I;782;818;787;837;[];0.0;0.0;0;;;827.5;0.5;7;10.290874303303843;;;[]
107;107;don’t;796;817;840;837;[];0.0;0.0;0;;;827.0;0.5;7;24.212796904248755;;;[]
108;108;have;849;817;890;837;[];0.0;0.0;0;;;827.0;0.0;7;77.21170075789287;;;[]
109;109;one.;898;822;934;837;[];0.0;0.0;0;;;829.5;2.5;7;126.3215149288766;;;[]
