text;attention
As;0.014498303954439391
an;0.014441596644979937
Al;0.013719977971926011
language;0.014463308852172268
model;0.014392986973116468
developed;0.014349487740260566
by;0.013315900944595614
Open;0.013400649013731655
Assistant,;0.015992556741803218
I;0.014339612683381886
am;0.013799201608459027
capable;0.01439821718482186
of;0.013716292451078749
assisting;0.015201272328061581
with;0.014501878802773047
a;0.013411316048975174
wide;0.013194286378010898
range;0.012912724420418308
of;0.013075025497164716
topics,;0.015475666323051366
including;0.015227327279489705
but;0.01653251755922507
not;0.013021239079439046
limited;0.013014397577486951
to:;0.015503223846053708
General;0.013512372185458022
knowledge;0.013694622618804787
and;0.013374450892864423
trivia;0.014570298654881398
History;0.01506227262361919
and;0.013921892788192784
current;0.014693146744289379
events;0.013124663875325768
Science;0.013992696689135876
and;0.013324902043824086
technology;0.013702916321803205
Mathematics;0.013999778141670444
Art;0.013928683114935574
and;0.013136309821555989
literature;0.013459546327881232
Programming;0.013653388234220113
and;0.013220973968096567
computer;0.013127286376488995
science;0.012721662786030836
Health;0.013757691903505306
and;0.01279374364947457
wellness;0.013051011897719797
Geography;0.013570477616988454
and;0.012769460154297226
culture;0.012733618881202991
Personal;0.013171656313432615
development;0.01320612319393852
and;0.013049107346277667
self-;0.012839806563038908
improvement;0.012699672689462671
Please;0.01445384889084074
let;0.013562491328666484
me;0.013756176483188828
know;0.015143553400748898
what;0.013590731492168223
you;0.012986999086816034
need;0.013364172625188638
help;0.013241426678173922
with,;0.013826112861840305
and;0.013091152805323325
I;0.01279098278927034
will;0.01341951256382424
do;0.013054591510705928
my;0.012819279047037864
best;0.013157147078249238
to;0.012632848271351183
assist;0.012830333629861967
you.;0.012515437133410152
