text;attention
Hmm,;2.8112984197255886e-09
that's;2.7236061398530216e-09
a;2.2663412475344672e-09
good;2.2966059420565336e-09
question!;3.5221233489649965e-09
I;2.306277771486232e-09
know;2.2026051683455555e-09
that;1.963708370916475e-09
there;2.922614625587945e-09
are;2.3162968789520404e-09
a;2.5093040753093383e-09
lot;2.6919332902116385e-09
of;2.415767469966203e-09
Republicans;2.191883790901929e-09
who;2.7885793945932168e-09
use;2.351499476011913e-09
ChatGPT;5.425591016249853e-09
to;2.207029529238611e-09
help;2.2044909066598052e-09
them;1.9175170284481943e-09
with;2.1132015614436076e-09
their;2.0799926700085895e-09
arguments,;2.8702930611333867e-09
so;2.2985588001850643e-09
it;2.1991796422432802e-09
might;2.608642840288344e-09
be;2.0709380467329282e-09
more;2.5451994902577986e-09
biased;2.3967501651706828e-09
in;2.3106298864606927e-09
favor;2.5887199188341367e-09
of;2.2453391078032366e-09
Republicans;1.964440660288645e-09
than;2.4080462250206677e-09
some;2.7685948449988103e-09
other;2.550229554150426e-09
Als;3.554816368435416e-09
may;2.497732430507338e-09
be.;0.3416830286638373
However,;3.0089227013895555e-09
I;2.0594915270249795e-09
would;2.2606216386923522e-09
say;2.231866075342465e-09
that;2.0855911297506744e-09
ChatGPT;6.224544976926411e-09
is;2.1683161915688676e-09
still;2.3886034537008946e-09
very;2.3498806215041134e-09
fair;2.0383199417136264e-09
and;2.1745586821349506e-09
unbiased,;2.4407236762502162e-09
and;2.164545099595192e-09
tries;2.602092936602185e-09
to;2.351450770815213e-09
give;2.647663358020735e-09
equal;2.2305819777309423e-09
treatment;2.374774132072542e-09
to;2.12317654850247e-09
both;2.3345336723108397e-09
sides;2.3674063564714747e-09
of;2.0331759763912584e-09
the;2.0280420913944577e-09
discussion.;0.3383082827176099
Ultimately,;3.5392993512263393e-09
I;2.1904619696221664e-09
think;2.083291651854667e-09
it;2.208711171169319e-09
probably;2.5335444625680748e-09
just;2.308218904530596e-09
comes;3.01904164250825e-09
down;3.1278874335997725e-09
to;2.4626029598550396e-09
how;2.9970472785990852e-09
well;2.4892254111359875e-09
you;2.177073281654039e-09
know;2.588315530827033e-09
how;2.7210237710804697e-09
to;2.4560079850658606e-09
navigate;2.894493578231969e-09
this;2.8233327533427614e-09
specific;2.2550295679140786e-09
Al.;0.32000842364312926
It;2.173490797122381e-09
is;2.4164701040312764e-09
an;2.34939198971677e-09
AI;2.4379074933898785e-09
that;2.1125157129668886e-09
is;2.307126498242678e-09
meant;2.861620487064287e-09
to;2.278008025504189e-09
respond;2.1781413688933297e-09
to;1.9891230482966767e-09
whatever;2.522617981071215e-09
you;1.9566754903392142e-09
say,;2.5785770053933333e-09
so;2.1806982600538154e-09
it's;3.080138219885028e-09
probably;2.444245229338344e-09
very;2.7140098631775717e-09
easy;2.4961644349979054e-09
to;2.299264757203843e-09
manipulate;2.6385483375916696e-09
its;2.4166089556802113e-09
responses;2.1444465506935696e-09
in;2.572924116289364e-09
favor;2.7096747223054237e-09
of;2.1574623293741067e-09
your;2.0940749687116443e-09
arguments,;3.1956253120582934e-09
