text;attention
Sure,;0.9737422927171486
here's;0.012339827732219649
a;0.0010336473911697437
simpler;0.0001222683601657175
way;9.650288477685406e-05
to;0.0006627158992823437
express;0.00011055072576041935
that;0.00026820720557386296
same;8.468163704349362e-05
condition:;0.0012875103020552477
**;0.00010304470528448351
‘python;0.00040289038777789995
elif;0.00011934878454130507
a[1];0.004415895084366054
in;0.00014421383752410253
"[""3"",";0.0005531270574335229
"""4""]:";0.0009992437370677605
***;6.922418881196694e-05
This;9.256129268329558e-05
uses;8.100687018746105e-05
the;0.0005102595229515727
in;0.00010196026322051328
keyword;7.030992535750588e-05
to;0.00010407198960105311
check;6.921835890193289e-05
if;6.899912691311413e-05
the;0.00027085765137623496
value;6.520073551993917e-05
of;9.574369239151749e-05
a[1];0.00035062074001684305
is;6.800412992825433e-05
present;6.110743426568549e-05
in;7.367495545773847e-05
the;0.0001357748693950628
list;5.6897350435194244e-05
"[""3"",";0.00015683342911901302
"""4""].";0.00013266210531354895
This;6.459645805811999e-05
is;6.212765908071024e-05
a;7.225671854726838e-05
more;5.446557425512586e-05
concise;7.243627793544977e-05
way;5.540388789477197e-05
to;6.201039836744282e-05
express;5.6745679979622664e-05
the;7.370387830190547e-05
same;5.094483003961938e-05
logic;4.941809766176732e-05
as;5.183428724697169e-05
the;5.665641848042871e-05
original;4.721460023555521e-05
code.;4.922815287658587e-05
