text;attention
As;0.3534249760175422
an;0.005104369571281075
AI;0.12636530926700398
language;0.0039328476815534185
model;0.004476266861765274
developed;0.005732786617634456
by;0.0033591732119384403
Open;0.0047843758547834675
Assistant,;0.10563698316118261
I;0.008037242406746407
am;0.0036222200888421825
capable;0.010186170367617606
of;0.0031474752183258373
assisting;0.018544750139309667
with;0.0034852356918219085
a;0.0034398611744264704
wide;0.0037506356102336743
range;0.004682064380582456
of;0.0028096325384414427
topics,;0.014567558645601608
including;0.004574780113094333
but;0.004156038655056086
not;0.003741650970501904
Limited;0.00835314774749213
to:;0.01797598168125247
General;0.005360159867922819
knowledge;0.005814118430420148
and;0.0035800033025208
trivia;0.030149995445669243
History;0.00567559970096917
and;0.0036933068785366856
current;0.0033513386527703167
events;0.005275026143841788
Science;0.005679030342735968
and;0.00324737354798696
technology;0.0048773159767333246
Mathematics;0.011217214786118918
Art;0.004622873623697028
and;0.0031225706716932738
literature;0.005284620775832304
Programming;0.013485710018992169
and;0.0031820431562424195
computer;0.0029843744970542946
science;0.005816070519001115
Health;0.004045901535019908
and;0.003050416213657971
wellness;0.00816396189233085
Geography;0.004042839549516828
and;0.00290259952293451
culture;0.004741119649452297
Personal;0.003997295750966597
development;0.0042693265968577
and;0.0032065277368273056
self-improvement;0.04545864257057635
Please;0.005967936671008026
let;0.0035736907631634387
me;0.0036745975483544104
know;0.0033673973839700886
what;0.003107771923161524
you;0.003176935421033071
need;0.003374750475302011
help;0.0031197587390501733
with,;0.006012572337117018
and;0.002988407683432658
I;0.0030898544252824394
will;0.002789837811872144
do;0.0028231119631036937
my;0.002700092717974732
best;0.0030465778865374914
to;0.0024894482626003967
assist;0.002858318607056169
you.;0.0036500283490702697
