;number;text;x1;y1;x2;y2;fixations;fix_duration;y;diff_y;line;distance;fix_number;fix_duration_avg;pupil_l;pupil_r;pupil
0;0;A;25;305;39;323;[];0.0;314.0;;1;696.2715686282186;0;;;;
1;1;penguin;57;304;157;328;[4210];0.291;316.0;2.0;1;594.8563602080758;1;0.291;13.7835;16.4232;15.1
2;2;and;177;304;218;323;[4209];0.21;313.5;2.5;1;549.9392632645901;1;0.21;14.4467;17.5898;16.02
3;3;a;237;309;248;323;[];0.0;316.0;2.5;1;527.3897166991409;0;;;;
4;4;walrus;265;304;352;323;[4211, 4212, 4213];1.3906;313.5;2.5;1;455.9157918738942;3;0.4635;14.118;16.9126;15.52
5;5;walk;370;304;428;323;[];0.0;313.5;0.0;1;412.5290696181301;0;;;;
6;6;into;447;304;503;323;[4214];0.3398;313.5;0.0;1;379.8973983590833;1;0.3398;14.3385;16.0038;15.17
7;7;a;522;309;533;323;[];0.0;316.0;2.5;1;370.30899702815753;0;;;;
8;8;bar,.;552;304;604;323;[4215];0.2913;313.5;2.5;1;356.75714047514174;1;0.2913;14.911;17.5616;16.24
9;9;The;625;304;668;323;[];0.0;313.5;0.0;1;355.144;0;;;;
10;10;bartender;687;304;818;323;[];0.0;313.5;0.0;1;358.52370811426124;0;;;;
11;11;looks;836;304;907;323;[];0.0;313.5;0.0;1;406.6640201443939;0;;;;
12;12;up;927;309;953;328;[];0.0;318.5;5.0;1;454.07771282017353;0;;;;
13;13;and;972;304;1013;323;[];0.0;313.5;5.0;1;487.60443935632907;0;;;;
14;14;says,,;1032;309;1099;328;[4220];0.2749;318.5;5.0;1;527.1860101330459;1;0.2749;10.521;16.0164;13.27
15;15;""",What";1123;304;1192;323;[];0.0;313.5;5.0;1;601.2161951245159;0;;;;
16;16;is;1212;304;1237;323;[];0.0;313.5;0.0;1;675.0791429751033;0;;;;
17;17;this,,;34;403;101;425;[];0.0;414.0;100.5;2;593.5744344898961;0;;;;
18;18;some;124;408;180;422;[4221];0.2913;415.0;1.0;2;524.6629101432652;1;0.2913;14.7208;17.3056;16.01
19;19;kind;199;403;255;422;[4222];0.2749;412.5;2.5;2;460.6657891356814;1;0.2749;13.7269;16.1818;14.95
20;20;of;273;404;300;422;[];0.0;413.0;0.5;2;424.0024165968869;0;;;;
21;21;Arctic;317;403;405;422;[4223];0.3555;412.5;0.5;2;346.1886325112366;1;0.3555;13.9369;17.0388;15.49
22;22;"joke,?,""";424;403;508;427;[];0.0;415.0;2.5;2;282.74405613557997;0;;;;
23;23;The;527;403;570;422;[4224];0.2588;412.5;2.5;2;264.98779081308635;1;0.2588;14.6485;17.1114;15.88
24;24;penguin;589;403;689;427;[4225];0.3394;415.0;2.5;2;251.144;1;0.3394;14.9826;16.8889;15.94
25;25;and;709;403;750;422;[];0.0;412.5;2.5;2;265.8320245568618;0;;;;
26;26;walrus;767;403;854;422;[4226];0.2915;412.5;0.0;2;286.8443084322922;1;0.2915;14.2531;16.7341;15.49
27;27;just;874;403;929;427;[4227];0.2424;415.0;2.5;2;344.70594030274555;1;0.2424;14.975;13.1751;14.08
28;28;look;948;403;1005;422;[];0.0;412.5;2.5;2;402.21785301003234;0;;;;
29;29;at;1024;405;1049;422;[4229];0.1457;413.5;1.0;2;463.3489239007683;1;0.1457;7.8136;13.7736;10.79
30;30;each;1068;403;1124;422;[4228];0.3235;412.5;1.0;2;500.60571439007765;1;0.3235;14.7558;16.6715;15.71
31;31;other,,;1143;403;1226;425;[];0.0;414.0;1.5;2;564.9955904960675;0;;;;
32;32;confused,.;35;502;162;521;[4230];0.4038;511.5;97.5;3;501.16227439822325;1;0.4038;13.5255;16.0022;14.76
33;33;Then;183;502;240;521;[];0.0;511.5;0.0;3;427.7956255970835;0;;;;
34;34;the;260;502;301;521;[4231];0.3235;511.5;0.0;3;371.7361447048162;1;0.3235;13.1734;16.246;14.71
35;35;walrus;318;502;405;521;[];0.0;511.5;0.0;3;280.94671608687656;0;;;;
36;36;shrugs;425;502;510;526;[4232, 4233];0.6951;514.0;2.5;3;198.75396167120797;2;0.3475;12.5204;15.2376;13.88
37;37;and;530;502;571;521;[];0.0;511.5;2.5;3;170.78712269957595;0;;;;
38;38;says,,;590;507;657;526;[4234];0.2749;516.5;5.0;3;152.144;1;0.2749;14.7522;15.8525;15.3
39;39;""",I";681;503;705;521;[];0.0;512.0;4.5;3;162.95054857225858;0;;;;
40;40;do,n't;724;502;795;521;[];0.0;511.5;0.5;3;179.19127568048617;0;;;;
41;41;know;815;502;872;521;[4235];0.2427;511.5;0.0;3;236.77604878872353;1;0.2427;13.735;16.5958;15.17
42;42;about;890;502;960;521;[4236];0.4041;511.5;0.0;3;297.07692148667485;1;0.4041;14.6781;16.2702;15.47
43;43;Arctic;978;502;1066;521;[4237];0.323;511.5;0.0;3;374.66039192847694;1;0.323;14.7666;16.6835;15.73
44;44;jokes,,;1085;502;1167;526;[];0.0;514.0;2.5;3;472.28903997446304;0;;;;
45;45;but;1190;502;1230;521;[4238];0.4204;511.5;2.5;3;574.0399788168068;1;0.4204;8.8295;14.6411;11.74
46;46;we;48;606;76;620;[];0.0;613.0;101.5;4;564.8883511633073;0;;;;
47;47;sure;95;606;151;620;[];0.0;613.0;0.0;4;490.3474781009892;0;;;;
48;48;know;170;601;227;620;[4239, 4240];0.7121;610.5;2.5;4;414.98153366143896;2;0.3561;13.1513;15.282;14.22
49;49;how;245;601;287;620;[4241];0.3235;610.5;0.0;4;355.6727615097901;1;0.3235;11.3694;14.3163;12.84
50;50;to;305;603;331;620;[];0.0;611.5;1.0;4;312.3475136446583;0;;;;
51;51;break;350;601;421;620;[4242];0.4692;610.5;1.0;4;224.54649692212973;1;0.4692;13.18;15.4745;14.33
52;52;the;440;601;481;620;[];0.0;610.5;0.0;4;167.31577714011314;0;;;;
53;53;"ice,!,""";500;601;569;620;[4243];0.469;610.5;0.0;4;90.14588886909932;1;0.469;14.5219;17.1002;15.81
54;54;The;588;601;631;620;[];0.0;610.5;0.0;4;58.55057027903316;0;;;;
55;55;penguin;650;601;750;625;[4244];0.4043;613.0;2.5;4;54.50674527065435;1;0.4043;13.624;16.1119;14.87
56;56;rolls;772;601;840;620;[4245];0.3232;610.5;2.5;4;146.17370926401227;1;0.3232;13.6418;15.0504;14.35
57;57;his;860;601;900;620;[4246];0.2429;610.5;0.0;4;229.5963093780037;1;0.2429;13.7973;13.6213;13.71
58;58;eyes,,;919;606;987;625;[4218];0.2585;615.5;5.0;4;286.09131633099247;1;0.2585;14.707;16.2907;15.5
59;59;but;1010;601;1050;620;[];0.0;610.5;5.0;4;376.6272232327344;0;;;;
60;60;ca,n't;1070;602;1140;620;[4219, 4247, 4249, 4250];1.8437;611.0;0.5;4;436.00631334878625;4;0.4609;12.0739;15.1523;13.61
61;61;help;1160;601;1216;625;[];0.0;613.0;2.0;4;524.8097038736993;0;;;;
62;62;but;552;700;592;719;[4216, 4248];0.825;709.5;96.5;5;50.82709198842683;2;0.4125;13.7877;16.0454;14.92
63;63;chuckle,.;612;700;724;719;[4217, 4251];0.9705;709.5;0.0;5;21.855999999999995;2;0.4852;14.0863;15.988;15.04
