;number;text;x1;y1;x2;y2;fixations;fix_duration;y;diff_y;line;distance;fix_number;fix_duration_avg;pupil_l;pupil_r;pupil
0;0;Sure,,;48;256;115;277;[];0.0;266.5;;1;483.5314210384826;0;;;;
1;1;here;138;255;194;274;[869];0.291;264.5;2.0;1;421.870668631388;1;0.291;13.7421;15.4855;14.61
2;2;is;214;255;239;274;[868, 872];0.5826;264.5;0.0;1;388.37625706458215;2;0.2913;14.1309;17.0464;15.59
3;3;the;258;255;299;274;[];0.0;264.5;0.0;1;347.7802827238692;0;;;;
4;4;code,:;318;255;385;274;[870];0.3397;264.5;0.0;1;301.1178670412873;1;0.3397;15.306;17.2239;16.26
5;5;function;409;255;524;274;[871, 873, 874];0.8734;264.5;0.0;1;270.13311999999996;3;0.2911;13.8026;17.8669;15.83
6;6;GetCurrentDate,(,);542;255;777;279;[875, 876, 911, 912];1.5204;267.0;2.5;1;266.2134035909807;4;0.3801;14.2304;15.1028;14.67
7;7;{;800;255;807;279;[];0.0;267.0;0.0;1;387.03502509655937;0;;;;
8;8;const;828;256;899;274;[877];0.4689;265.0;2.0;1;411.1521765131426;1;0.4689;14.1709;15.2622;14.72
9;9;months;917;255;1004;274;[878, 879, 913];1.0186;264.5;0.5;1;481.80878722943027;3;0.3395;12.6965;16.0936;14.4
10;10;=;1022;262;1035;270;[914];0.2427;266.0;1.5;1;573.6924580395793;1;0.2427;14.8315;16.6666;15.75
11;11;"[,"",January,"",,";1056;255;1210;279;[915, 916];1.2617;267.0;1.0;1;599.7456222862277;2;0.6309;15.1774;14.3491;14.76
12;12;""",February,"",,";71;354;226;378;[880, 917];0.5498;366.0;99.0;2;335.9888535226941;2;0.2749;14.2233;17.1008;15.66
13;13;""",March,"",,";251;354;361;376;[918, 919];0.6627;365.0;1.0;2;230.0669688840499;2;0.3314;14.1059;16.883;15.49
14;14;""",April,"",,";386;354;496;378;[881, 920];0.5986;366.0;1.0;2;167.58891876103976;2;0.2993;15.2711;17.587;16.43
15;15;""",May,"",,";521;355;601;378;[921];0.2425;366.5;0.5;2;166.15945862783252;1;0.2425;15.7542;17.4443;16.6
16;16;""",June,"",,";626;355;721;376;[882, 922];0.5984;365.5;1.0;2;199.8093145263613;2;0.2992;15.5805;17.5766;16.58
17;17;""",July,"",,";746;354;841;378;[923];0.2102;366.0;0.5;2;282.0731211787014;1;0.2102;16.3732;18.3346;17.35
18;18;""",August,"",,";866;355;991;378;[924];0.6309;366.5;0.5;2;385.58431204017415;1;0.6309;16.1172;17.3777;16.75
19;19;""",September,"",,";1016;354;1186;378;[883];0.5337;366.0;0.5;2;524.9407411236953;1;0.5337;14.189;17.037;15.61
20;20;""",October,"",,";80;453;220;475;[];0.0;464.0;98.0;3;305.9545450087225;0;;;;
21;21;""",November,"",,";245;453;400;475;[884];0.2752;464.0;0.0;3;136.7962265981573;1;0.2752;12.9477;16.102;14.52
22;22;""",December,"",],;";425;453;595;477;[885];0.3073;465.0;1.0;3;67.13311999999996;1;0.3073;13.7421;15.9016;14.82
23;23;const;618;454;689;472;[];0.0;463.0;2.0;3;123.267468261072;0;;;;
24;24;date;707;453;764;472;[886];0.2427;462.5;0.5;3;202.25840880293308;1;0.2427;14.676;16.0494;15.36
25;25;=;782;460;795;468;[887, 926];0.615;464.0;1.5;3;274.71856306317267;2;0.3075;14.8625;16.5451;15.7
26;26;new;813;458;856;472;[925];0.4366;465.0;1.0;3;303.6505305964315;1;0.4366;16.6558;17.6315;17.14
27;27;"Date,(,),;";873;453;970;477;[888, 889, 927];0.8086;465.0;0.0;3;361.2510505610944;3;0.2695;14.8818;13.2755;14.08
28;28;const;993;454;1064;472;[890, 928, 929];1.1322;463.0;2.0;3;480.4046926618165;3;0.3774;11.481;15.2857;13.38
29;29;month;1082;453;1154;472;[];0.0;462.5;0.5;3;568.55278025131;0;;;;
30;30;=;1172;460;1185;468;[];0.0;464.0;1.5;3;658.3751520914914;0;;;;
31;31;"months[date.getMonth,(,),],;";145;552;499;576;[891, 892, 893, 930, 931, 932];2.2164;564.0;100.0;4;20.602677774852502;6;0.3694;13.3479;15.0776;14.21
32;32;const;522;553;592;571;[933];0.2913;562.0;2.0;4;9.710329113598597;1;0.2913;13.8378;16.4918;15.16
33;33;day;611;552;653;576;[894, 895];1.0839;564.0;2.0;4;93.29068512715725;2;0.5419;12.7718;14.5118;13.64
34;34;=;671;559;683;567;[];0.0;563.0;1.0;4;153.67919915035475;0;;;;
35;35;"date.getDate,(,),;";701;552;919;576;[896, 897];0.9866;564.0;1.0;4;183.12745269755266;2;0.4933;13.1794;14.2206;13.7
36;36;const;942;553;1012;571;[900];0.0647;562.0;2.0;4;424.05111306479836;1;0.0647;9.7681;12.2746;11.02
37;37;year;1031;557;1088;576;[898, 899];1.2938;566.5;4.5;4;513.1197489197764;2;0.6469;13.9832;15.4457;14.71
38;38;=;1106;559;1118;567;[];0.0;563.0;3.5;4;588.1463289450121;0;;;;
39;39;"date.getFullYear,(,),;";25;651;303;675;[901, 902];0.6954;663.0;100.0;5;240.132088175434;2;0.3477;12.8582;15.1927;14.03
40;40;return;329;652;412;670;[];0.0;661.0;2.0;5;151.2616432923245;0;;;;
41;41;“,$,{,month,};434;651;560;675;[903];0.259;663.0;2.0;5;106.86688000000004;1;0.259;11.0118;14.275;12.64
42;42;$,{,day,},,;581;651;678;675;[904, 905];0.5986;663.0;0.0;5;124.03342360627802;2;0.2993;11.9793;13.8446;12.91
43;43;"$,{,year,},*,>,;";701;651;828;675;[];0.0;663.0;0.0;5;211.88276515916627;0;;;;
44;44;};853;651;860;675;[906];0.2422;663.0;0.0;5;351.59303146037234;1;0.2422;11.8348;13.2842;12.56
45;45;This;880;651;937;670;[908];0.1941;660.5;2.5;5;377.4048401537723;1;0.1941;12.0186;15.393;13.71
46;46;returns;959;652;1057;670;[907];0.2424;661.0;0.5;5;453.95988185245443;1;0.2424;12.7452;13.7544;13.25
47;47;the;1076;651;1117;670;[];0.0;660.5;0.5;5;568.1004366936311;0;;;;
48;48;current;1136;652;1237;670;[];0.0;661.0;0.5;5;627.3020388389427;0;;;;
49;49;date,,;386;750;454;772;[];0.0;761.0;100.0;6;215.59800280033767;0;;;;
50;50;in;477;750;502;769;[];0.0;759.5;1.5;6;206.49093251640474;0;;;;
51;51;the;522;750;563;769;[909];0.3236;759.5;0.0;6;205.9049324603333;1;0.3236;13.8707;15.2036;14.54
52;52;format;582;751;667;769;[];0.0;760.0;0.5;6;216.52848073981957;0;;;;
53;53;you;686;755;727;774;[];0.0;764.5;4.5;6;269.5827613396198;0;;;;
54;54;requested,.;749;750;889;774;[910];0.2427;762.0;2.5;6;309.3912649243582;1;0.2427;8.5948;7.676;8.14
