;number;text;x1;y1;x2;y2;fixations;fix_duration;fix_number;pupil_l;pupil_r;y;diff_y;line;distance;fix_duration_avg;pupil
0;0;Sounds;9;304;95;323;[];0.0;0;;;313.5;;1;679.2967698020134;;
1;1;like;114;304;170;323;[3574];0.3076;1;13.6914;16.1745;313.5;0.0;1;616.2223474229489;0.3076;14.93
2;2;a;189;309;200;323;[];0.0;0;;;316.0;2.5;1;591.7721972714244;;
3;3;fun;220;305;260;323;[3573];0.2102;1;12.5664;14.4249;314.0;2.0;1;544.5392891825617;0.2102;13.5
4;4;idea,!;280;304;346;323;[];0.0;0;;;313.5;0.5;1;481.8196549160792;;
5;5;I;370;305;379;323;[3575];0.2588;1;14.1213;15.6981;314.0;0.5;1;459.75642144884677;0.2588;14.91
6;6;can;399;309;440;323;[];0.0;0;;;316.0;2.0;1;422.74004951441447;;
7;7;draw;459;304;517;323;[3576];0.4045;1;15.1212;17.4168;313.5;2.5;1;384.8376102506739;0.4045;16.27
8;8;us;534;309;560;323;[];0.0;0;;;316.0;2.5;1;369.0075303614407;;
9;9;a;579;309;590;323;[];0.0;0;;;316.0;0.0;1;360.5979887124297;;
10;10;playing;609;304;711;328;[3577];0.4204;1;15.2124;17.6697;316.0;0.0;1;344.88063999999997;0.4204;16.44
11;11;board,,;729;304;811;326;[3613];0.1938;1;12.3296;18.0579;315.0;1.0;1;350.7180109766956;0.1938;15.19
12;12;like;834;304;890;323;[3580];0.2263;1;7.4755;14.3038;313.5;1.5;1;383.38445334083326;0.2263;10.89
13;13;this,:;909;304;976;323;[3578, 3579];0.6145;2;15.5283;17.9119;313.5;0.0;1;419.665961287605;0.3073;16.72
14;14;|\_|A|B|C|;1004;304;1140;328;[3581, 3582, 3583];0.8252;3;13.168;14.477;316.0;2.5;1;475.0801623552067;0.2751;13.82
15;15;------;1166;315;1248;317;[];0.0;0;;;316.0;0.0;1;604.580048912838;;
16;16;[,2;51;403;72;427;[];0.0;0;;;415.0;99.0;2;653.2977308574166;;
17;17;J\LI\LIA\L,];96;403;232;427;[3584, 3585, 3586, 3614];1.634;4;13.256;16.1247;415.0;0.0;2;508.63982260873917;0.4085;14.69
18;18;------;258;414;340;416;[];0.0;0;;;415.0;0.0;2;423.94871202003856;;
19;19;12;366;403;387;427;[3615];0.5176;1;14.789;16.7017;415.0;0.0;2;380.40586370802646;0.5176;15.75
20;20;J[\UI\LIA\L,];411;403;547;427;[3587, 3588];0.8088;2;13.7515;13.7474;415.0;0.0;2;278.2537783093872;0.4044;13.75
21;21;------;573;414;655;416;[];0.0;0;;;415.0;0.0;2;257.8433757602657;;
22;22;13;681;403;702;427;[];0.0;0;;;415.0;0.0;2;245.90907007154001;;
23;23;J[\UI\LI\L|;726;403;862;427;[3589];0.2588;1;13.3058;15.4085;415.0;0.0;2;250.66471379803258;0.2588;14.36
24;24;------;888;414;970;416;[];0.0;0;;;415.0;0.0;2;332.26295854857125;;
25;25;You;990;404;1032;422;[3616];0.3718;1;16.152;18.7057;413.0;2.0;2;400.9325413875127;0.3718;17.43
26;26;can;1051;408;1092;422;[3590, 3591, 3617];0.5342;3;12.2504;14.1427;415.0;2.0;2;450.13562972003183;0.1781;13.2
27;27;tell;1111;403;1166;422;[];0.0;0;;;412.5;2.5;2;501.0696450030171;;
28;28;me;1185;408;1212;422;[];0.0;0;;;415.0;2.5;2;566.3392894223829;;
29;29;your;1;507;57;526;[];0.0;0;;;516.5;101.5;3;637.4146079463897;;
30;30;move;75;507;132;521;[3594];0.5823;1;14.2627;17.6424;514.0;2.5;3;566.0186117288456;0.5823;15.95
31;31;by;151;502;178;526;[3592];0.3879;1;14.5074;17.1028;514.0;0.0;3;520.4183594219651;0.3879;15.81
32;32;writing;194;502;298;526;[3593, 3595];0.5344;2;13.7544;16.7631;514.0;0.0;3;406.7095730659036;0.2672;15.26
33;33;X;315;503;328;521;[];0.0;0;;;512.0;2.0;3;380.8553993623428;;
34;34;to;346;504;372;521;[3596];0.4043;1;13.5112;14.7118;512.5;0.5;3;340.9573064526549;0.4043;14.11
35;35;A1;389;503;417;521;[];0.0;0;;;512.0;0.5;3;301.336046339381;;
36;36;and;436;502;477;521;[];0.0;0;;;511.5;0.5;3;251.34063902093033;;
37;37;the;496;502;537;521;[3597];0.5981;1;12.452;16.7825;511.5;0.0;3;206.73853250772967;0.5981;14.62
38;38;game;555;506;612;526;[];0.0;0;;;516.0;4.5;3;160.72614729237304;;
39;39;would;629;502;702;521;[3598];0.2427;1;14.1731;16.1304;511.5;4.5;3;151.88063999999997;0.2427;15.15
40;40;advance;721;502;822;521;[3599];0.2427;1;15.2984;16.5446;511.5;0.0;3;158.05330247561926;0.2427;15.92
41;41;like;841;502;897;521;[];0.0;0;;;511.5;0.0;3;223.3344004479596;;
42;42;this,:;916;502;983;521;[3600];0.2588;1;14.933;16.3444;511.5;0.0;3;282.9560644754757;0.2588;15.64
43;43;|\_|A|B|C|;1011;502;1147;526;[3601, 3602];0.8572;2;13.9014;15.3202;514.0;2.5;3;364.63101352387673;0.4286;14.61
44;44;------;1173;513;1255;515;[];0.0;0;;;514.0;0.0;3;520.2726697640859;;
45;45;J1;44;601;65;625;[];0.0;0;;;613.0;99.0;4;614.1301514365254;;
46;46;[,X|\_J\,_,];89;601;210;625;[3603];0.9544;1;12.9923;17.4285;613.0;0.0;4;469.70758020650425;0.9544;15.21
47;47;------;236;612;318;614;[];0.0;0;;;613.0;0.0;4;364.0539138416858;;
48;48;[,2;344;601;365;625;[];0.0;0;;;613.0;0.0;4;315.9103716300711;;
49;49;J\_I\UI\LI,];389;601;525;625;[3604];0.4204;1;11.8565;16.3694;613.0;0.0;4;159.61173798768561;0.4204;14.11
50;50;------;551;612;633;614;[];0.0;0;;;613.0;0.0;4;73.66103572072278;;
51;51;[,3;659;601;680;625;[];0.0;0;;;613.0;0.0;4;47.88063999999997;;
52;52;|\_I\LI\_I,];704;601;840;625;[3605];0.3398;1;14.2893;17.3695;613.0;0.0;4;54.84104761444293;0.3398;15.83
53;53;------;866;612;948;614;[];0.0;0;;;613.0;0.0;4;197.71043316792765;;
54;54;Would;967;601;1040;620;[3606, 3607];0.5989;2;11.5667;17.0812;610.5;2.5;4;294.52532336532556;0.2994;14.32
55;55;you;1059;606;1100;625;[];0.0;0;;;615.5;5.0;4;384.7302594070937;;
56;56;like;1119;601;1175;620;[];0.0;0;;;610.5;5.0;4;444.8931140211653;;
57;57;to;1194;603;1220;620;[];0.0;0;;;611.5;1.0;4;519.4379297889687;;
58;58;make;258;700;316;719;[];0.0;0;;;709.5;98.0;5;362.27727682460244;;
59;59;the;335;700;376;719;[3608];0.3721;1;14.6142;18.1867;709.5;0.0;5;302.47897332451;0.3721;16.4
60;60;first;395;700;465;719;[];0.0;0;;;709.5;0.0;5;213.98623063984658;;
61;61;move,,;483;705;552;722;[3609];0.2261;1;13.8034;17.6832;713.5;4.0;5;129.3132680874225;0.2261;15.74
62;62;or;574;705;601;719;[];0.0;0;;;712.0;1.5;5;82.74879396975888;;
63;63;do;619;700;646;719;[];0.0;0;;;709.5;2.5;5;41.384747231916286;;
64;64;you;664;705;705;724;[3620];0.2585;1;12.04;15.6242;714.5;5.0;5;32.11936000000003;0.2585;13.83
65;65;want;723;702;780;719;[3610, 3618];0.5337;2;15.4211;17.5031;710.5;4.0;5;54.22187329343759;0.2668;16.46
66;66;me;798;705;826;719;[];0.0;0;;;712.0;1.5;5;124.93841564326641;;
67;67;to;845;702;871;719;[3619];0.2427;1;11.7923;16.0568;710.5;1.5;5;170.2479848440198;0.2427;13.92
68;68;go;889;704;916;724;[3611];0.2588;1;15.1367;16.8993;714.0;3.5;5;214.01379250751478;0.2588;16.02
69;69;first,?;935;700;1020;719;[3612];0.7117;1;13.8718;16.2155;709.5;4.5;5;259.16202442381405;0.7117;15.04
