;number;text;x1;y1;x2;y2;fixations;fix_duration;first_fix_duration;fix_number;pupil_l;pupil_r;y;diff_y;line;distance;pupil;fix_duration_avg;fix_distance
0;0;Machiavellianism;214;293;363;313;[3684.0, 3685.0, 3696.0, 3697.0];1.1809;0.2915;4;10.778;11.756;303.0;;1;168.7295342114877;11.27;0.2952;[24.548159999999996, 31.483839999999987, 50.03542149963761, 86.36000000000001]
1;1;is;373;294;385;313;[3698.0];0.6631;0.6631;1;9.9238;12.3848;303.5;0.5;1;160.40432324356348;11.15;0.6631;[95.32]
2;2;a;393;298;401;313;[];0.0;0.0;0;;;305.5;2.0;1;156.02801195690984;;;[]
3;3;personality;410;293;508;318;[3686.0, 3699.0, 3735.0];0.7925;0.1621;3;11.7781;12.3515;305.5;0.0;1;146.98816;12.06;0.2642;[19.079999999999984, 82.32256000000001, 12.925760000000025]
4;4;trait;515;294;552;313;[3687.0];0.4204;0.4204;1;13.2027;14.2867;303.5;2.0;1;171.16657067086902;13.74;0.4204;[24.278399999999976]
5;5;characterized;559;293;677;313;[3688.0];0.5176;0.5176;1;12.557;13.8384;303.0;0.5;1;195.3503962504955;13.2;0.5176;[0.0]
6;6;by;687;293;707;318;[3689.0];0.3882;0.3882;1;11.0982;12.2173;305.5;2.5;1;290.6345549228887;11.66;0.3882;[15.096356201414954]
7;7;cunning,;715;294;790;318;[3736.0];0.4043;0.4043;1;11.8196;12.0452;306.0;0.5;1;315.10797088494223;11.93;0.4043;[43.666560000000004]
8;8;manipulation,;799;293;920;318;[3690.0, 3691.0, 3737.0, 3738.0];1.4236;0.2427;4;12.0397;11.7502;305.5;0.5;1;391.37552263168635;11.89;0.3559;[5.542719999999974, 0.0, 0.0, 16.080357835620454]
9;9;and;929;293;960;313;[3692.0];0.4368;0.4368;1;11.9177;12.1577;303.0;2.5;1;515.6337162320028;12.04;0.4368;[18.192319999999995]
10;10;a;969;298;977;313;[];0.0;0.0;0;;;305.5;2.5;1;553.982051437793;;;[]
11;11;focus;985;293;1031;313;[3693.0, 3694.0, 3739.0, 3740.0];2.4099;0.582;4;12.1348;12.1024;303.0;2.5;1;569.385025194047;12.12;0.6025;[40.80223999999998, 10.358720000000005, 0.7196799999999826, 0.15967999999998028]
12;12;on;1039;298;1059;313;[];0.0;0.0;0;;;305.5;2.5;1;621.5927809387956;;;[]
13;13;self-interest;225;398;332;418;[3695.0, 3741.0, 3742.0];0.9544;0.3718;3;10.8749;12.2814;408.0;102.5;2;114.37309349329324;11.58;0.3181;[31.318386334522398, 12.704639999999984, 0.0]
14;14;above;339;398;392;418;[3743.0];0.3721;0.3721;1;11.4445;11.6927;408.0;0.0;2;64.56144759239525;11.57;0.3721;[1.461119999999994]
15;15;all;400;398;418;418;[3709.0];0.4854;0.4854;1;12.2981;13.8484;408.0;0.0;2;50.41696257437172;13.07;0.4854;[9.663360000000011]
16;16;else.;427;398;466;418;[3710.0, 3744.0];1.2615;0.7114;2;11.8338;13.3819;408.0;0.0;2;46.98815999999999;12.61;0.6307;[14.421277705612642, 46.98815999999999]
17;17;It's;476;398;503;418;[];0.0;0.0;0;;;408.0;0.0;2;61.53004888040965;;;[]
18;18;named;512;398;570;418;[3700.0, 3701.0, 3708.0, 3711.0];1.5686;0.4688;4;11.8217;11.178;408.0;0.0;2;89.11864291620246;11.5;0.3921;[40.547199999999975, 26.28303690994633, 24.625074411388084, 23.20064000000002]
19;19;after;579;398;620;418;[3702.0];0.5012;0.5012;1;11.0642;11.9701;408.0;0.0;2;150.2606259644409;11.52;0.5012;[3.447679999999991]
20;20;Niccolo;628;396;690;418;[3712.0];0.3721;0.3721;1;12.414;14.0382;407.0;1.0;2;197.39879968030607;13.23;0.3721;[32.38592]
21;21;Machiavelli,;699;398;801;422;[3703.0, 3713.0, 3714.0];1.5371;0.5664;3;12.1151;13.4756;410.0;3.0;2;266.2185238393933;12.8;0.5124;[0.0, 51.2928, 48.03647999999998]
22;22;an;810;403;829;418;[];0.0;0.0;0;;;410.5;0.5;2;376.66711207009513;;;[]
23;23;Italian;838;398;893;418;[3704.0, 3715.0];0.938;0.5173;2;11.8927;9.1554;408.0;2.5;2;404.4634743894999;10.52;0.469;[21.52127999999999, 54.49408]
24;24;philosopher;902;398;1006;422;[3705.0, 3716.0];0.6626;0.2263;2;11.4518;10.2123;410.0;2.0;2;467.7045768807759;10.83;0.3313;[92.11968000000002, 74.59904]
25;25;who;1013;398;1048;418;[];0.0;0.0;0;;;408.0;2.0;2;578.6357940148756;;;[]
26;26;wrote;252;504;301;522;[3718.0];0.4043;0.4043;1;12.0969;12.4288;513.0;105.0;3;140.7881507628593;12.26;0.4043;[55.93228262247127]
27;27;"""The";310;503;349;522;[3719.0];0.5498;0.5498;1;12.2981;11.7383;512.5;0.5;3;95.19380502546159;12.02;0.5498;[28.062080000000037]
28;28;"Prince,""";358;503;424;527;[3720.0];0.4043;0.4043;1;12.2981;13.4439;515.0;2.5;3;39.944718239406825;12.87;0.4043;[22.8809821797579]
29;29;a;433;508;442;522;[];0.0;0.0;0;;;515.0;0.0;3;43.01184000000001;;;[]
30;30;book;451;503;493;522;[3707.0];0.3396;0.3396;1;12.1226;8.8951;512.5;2.5;3;40.76419648693693;10.51;0.3396;[0.0]
31;31;that;500;503;535;522;[3721.0];0.4045;0.4045;1;12.2981;13.0714;512.5;0.0;3;74.2007420126349;12.68;0.4045;[34.83072000000004]
32;32;advocates;543;503;632;522;[3722.0];0.3716;0.3716;1;12.2981;12.226;512.5;0.0;3;113.29202494097105;12.26;0.3716;[42.971520000000055]
33;33;for;640;503;664;522;[3723.0];0.3716;0.3716;1;12.53;12.9752;512.5;0.0;3;207.2406671366062;12.75;0.3716;[57.850239999999985]
34;34;the;671;503;699;522;[];0.0;0.0;0;;;512.5;0.0;3;237.7827405747221;;;[]
35;35;use;707;508;736;522;[];0.0;0.0;0;;;515.0;2.5;3;274.1202942418266;;;[]
36;36;of;744;503;761;522;[3724.0];0.4365;0.4365;1;12.2981;12.9534;512.5;2.5;3;310.0636265594944;12.63;0.4365;[41.83488]
37;37;deceit;768;503;821;522;[3725.0];0.2427;0.2427;1;11.8959;7.7669;512.5;0.0;3;333.8955568965026;9.83;0.2427;[76.62607403766428]
38;38;and;828;503;859;522;[];0.0;0.0;0;;;512.5;0.0;3;393.5647582231235;;;[]
39;39;power;869;508;922;527;[];0.0;0.0;0;;;517.5;5.0;3;434.8571845045516;;;[]
40;40;in;930;504;944;522;[];0.0;0.0;0;;;513.0;4.5;3;495.26366896353863;;;[]
41;41;politics.;953;503;1019;527;[3726.0];0.2266;0.2266;1;10.6122;7.4747;515.0;2.0;3;518.1210465858587;9.04;0.2266;[58.93280000000004]
42;42;Machiavellians;218;608;346;627;[3717.0];0.2752;0.2752;1;12.1975;13.7003;617.5;102.5;4;169.12125270120725;12.95;0.2752;[47.85107739149032]
43;43;are;354;613;381;627;[];0.0;0.0;0;;;620.0;2.5;4;157.99636867733892;;;[]
44;44;often;389;608;433;627;[];0.0;0.0;0;;;617.5;2.5;4;143.0493387444542;;;[]
45;45;willing;442;608;497;632;[];0.0;0.0;0;;;620.0;2.5;4;143.12637672779118;;;[]
46;46;to;505;609;522;627;[];0.0;0.0;0;;;618.0;2.0;4;159.5697596514628;;;[]
47;47;deceive;530;608;597;627;[];0.0;0.0;0;;;617.5;0.5;4;170.98749812552265;;;[]
48;48;and;605;608;635;627;[];0.0;0.0;0;;;617.5;0.0;4;221.1796656910974;;;[]
49;49;manipulate;645;608;743;632;[];0.0;0.0;0;;;620.0;2.5;4;253.01863274317486;;;[]
50;50;others;751;608;807;627;[];0.0;0.0;0;;;617.5;2.5;4;345.69363042327757;;;[]
51;51;to;814;609;831;627;[];0.0;0.0;0;;;618.0;0.5;4;404.2467496408915;;;[]
52;52;achieve;839;608;906;627;[];0.0;0.0;0;;;617.5;0.5;4;427.3636050428553;;;[]
53;53;their;913;608;954;627;[3727.0];0.5015;0.5015;1;11.188;11.8723;617.5;0.0;4;497.71369412065167;11.53;0.5015;[0.0]
54;54;goals,;962;608;1013;632;[];0.0;0.0;0;;;620.0;2.5;4;544.8292867635014;;;[]
55;55;and;1022;608;1053;627;[3706.0, 3728.0];0.437;0.2266;2;11.8377;11.1912;617.5;2.5;4;602.931113573703;11.51;0.2185;[0.0, 12.866880000000037]
56;56;may;353;717;390;737;[];0.0;0.0;0;;;727.0;109.5;5;256.225216626361;;;[]
57;57;lack;398;713;432;732;[];0.0;0.0;0;;;722.5;4.5;5;248.0486849697567;;;[]
58;58;empathy;440;713;518;737;[3729.0, 3730.0];0.7927;0.3398;2;11.2929;11.9166;725.0;2.5;5;248.03980913398883;11.6;0.3964;[1.4019200000000183, 0.0]
59;59;or;525;718;543;732;[];0.0;0.0;0;;;725.0;0.0;5;268.11766319141606;;;[]
60;60;concern;550;718;619;732;[3731.0];0.4207;0.4207;1;12.1235;11.7731;725.0;0.0;5;277.3956043545492;11.95;0.4207;[0.0]
61;61;for;627;713;652;732;[3732.0];0.5501;0.5501;1;12.5884;12.1513;722.5;2.5;5;312.8670997647813;12.37;0.5501;[0.0]
62;62;others’;659;713;718;732;[];0.0;0.0;0;;;722.5;0.0;5;333.34098055178515;;;[]
63;63;feelings;727;713;795;737;[3733.0];0.291;0.291;1;12.4975;12.8004;725.0;2.5;5;382.13974160668715;12.65;0.291;[0.0]
64;64;or;803;718;821;732;[];0.0;0.0;0;;;725.0;0.0;5;445.5357113803849;;;[]
65;65;well-being.;828;713;925;737;[3734.0];0.1941;0.1941;1;6.2756;8.2197;725.0;0.0;5;463.63583954999166;7.25;0.1941;[13.714879999999994]
