;number;text;x1;y1;x2;y2;fixations;fix_duration;first_fix_duration;fix_number;pupil_l;pupil_r;y;diff_y;line;distance;pupil;fix_duration_avg;fix_distance
0;0;Welcome;220;241;301;260;[3913.0];0.3718;0.3718;1;15.9701;18.05;250.5;;1;715.9999860816803;17.01;0.3718;[14.124799999999993]
1;1;to;308;242;325;260;[];0.0;0.0;0;;;251.0;0.5;1;699.368240106002;;;[]
2;2;the;333;241;360;260;[];0.0;0.0;0;;;250.5;0.5;1;675.9080582956283;;;[]
3;3;Harry;369;242;417;265;[3914.0];0.2749;0.2749;1;16.6942;18.7268;253.5;3.0;1;635.9833312823272;17.71;0.2749;[0.0]
4;4;Potter;426;242;479;260;[];0.0;0.0;0;;;251.0;2.5;1;604.5488520119499;;;[]
5;5;Adventure;485;241;577;260;[3915.0];0.2747;0.2747;1;8.933;16.7808;250.5;0.5;1;558.1195793635683;12.86;0.2747;[5.512960000000021]
6;6;Game!;585;241;642;260;[];0.0;0.0;0;;;250.5;0.0;1;535.0590405450284;;;[]
7;7;You;651;242;682;260;[3916.0];0.2747;0.2747;1;16.9705;17.808;251.0;0.5;1;524.3803665937221;17.39;0.2747;[0.10624000000001388]
8;8;start;691;242;732;260;[3917.0];0.3723;0.3723;1;16.3619;16.5099;251.0;0.0;1;515.1048523057867;16.44;0.3723;[0.0]
9;9;with;739;241;775;260;[];0.0;0.0;0;;;250.5;0.5;1;510.92083072523707;;;[]
10;10;100;785;241;815;260;[];0.0;0.0;0;;;250.5;0.0;1;510.12991999999997;;;[]
11;11;health;824;241;877;260;[3918.0];0.3237;0.3237;1;16.2576;16.1988;250.5;0.0;1;510.54497399246463;16.23;0.3237;[0.0]
12;12;and;886;241;917;260;[];0.0;0.0;0;;;250.5;0.0;1;516.7711176807063;;;[]
13;13;must;926;242;970;260;[];0.0;0.0;0;;;251.0;0.5;1;524.6512937837534;;;[]
14;14;navigate;978;242;1053;265;[3919.0];0.5012;0.5012;1;15.61;15.7721;253.5;2.5;1;534.4485480090356;15.69;0.5012;[0.0]
15;15;through;229;346;298;370;[3920.0];0.2913;0.2913;1;16.0183;18.7564;358.0;104.5;2;644.6323783901693;17.39;0.2913;[1.2102399999999989]
16;16;a;307;351;315;365;[];0.0;0.0;0;;;358.0;0.0;2;634.5723001116314;;;[]
17;17;series;324;346;375;365;[3912.0];0.2266;0.2266;1;16.6879;19.5918;355.5;2.5;2;589.6370850522942;18.14;0.2266;[3.7918724029165403]
18;18;of;383;346;400;365;[];0.0;0.0;0;;;355.5;0.0;2;571.7307163944985;;;[]
19;19;challenges;407;346;500;370;[3921.0, 3922.0];0.5017;0.2266;2;13.1294;17.3178;358.0;2.5;2;502.16152069724177;15.22;0.2509;[0.0, 21.75168000000002]
20;20;to;507;347;524;365;[];0.0;0.0;0;;;356.0;2.0;2;492.14271026701834;;;[]
21;21;achieve;532;346;599;365;[];0.0;0.0;0;;;355.5;0.5;2;453.78057171827703;;;[]
22;22;your;606;351;646;370;[];0.0;0.0;0;;;360.5;5.0;2;429.9816899229156;;;[]
23;23;goal.;654;346;695;370;[3923.0];0.291;0.291;1;17.4808;18.3587;358.0;2.5;2;414.5579921663149;17.92;0.291;[0.0]
24;24;You;704;347;735;365;[];0.0;0.0;0;;;356.0;2.0;2;410.8664260668744;;;[]
25;25;are;744;351;772;365;[3926.0];0.1943;0.1943;1;16.5595;18.8726;358.0;2.0;2;406.3463026397144;17.72;0.1943;[31.69728893734604]
26;26;standing;780;346;854;370;[3924.0];0.4854;0.4854;1;17.1299;17.8306;358.0;0.0;2;400.12991999999997;17.48;0.4854;[0.0]
27;27;in;864;346;877;365;[];0.0;0.0;0;;;355.5;2.5;2;409.6345679614532;;;[]
28;28;front;886;346;928;365;[3925.0];0.8247;0.8247;1;16.8463;16.674;355.5;0.0;2;413.46112860699054;16.76;0.8247;[0.0]
29;29;of;936;346;953;365;[];0.0;0.0;0;;;355.5;0.0;2;426.27261801453585;;;[]
30;30;Hogwarts;960;347;1043;370;[];0.0;0.0;0;;;358.5;3.0;2;429.67662360078;;;[]
31;31;School;227;450;285;470;[3927.0];0.4207;0.4207;1;16.8555;19.0092;460.0;101.5;3;599.0281937179304;17.93;0.4207;[39.94175999999999]
32;32;of;294;450;311;470;[];0.0;0.0;0;;;460.0;0.0;3;576.67413820022;;;[]
33;33;Witchcraft;317;450;407;470;[3928.0];0.3074;0.3074;1;17.1566;18.2043;460.0;0.0;3;497.217138148884;17.68;0.3074;[9.528959999999984]
34;34;and;415;450;446;470;[];0.0;0.0;0;;;460.0;0.0;3;466.717590914427;;;[]
35;35;Wizardry.;455;450;538;475;[];0.0;0.0;0;;;462.5;2.5;3;396.92338312194;;;[]
36;36;The;547;450;579;470;[3929.0];0.2749;0.2749;1;17.7448;18.6034;460.0;2.5;3;374.75489065383306;18.17;0.2749;[0.8496000000000095]
37;37;front;587;450;629;470;[3930.0];0.5498;0.5498;1;18.2572;19.0035;460.0;0.0;3;347.1303329715892;18.63;0.5498;[0.0]
38;38;gates;637;452;684;475;[];0.0;0.0;0;;;463.5;3.5;3;318.3743596286711;;;[]
39;39;are;692;455;719;470;[];0.0;0.0;0;;;462.5;1.0;3;311.7760415249484;;;[]
40;40;locked,;728;450;789;475;[3931.0, 3932.0];0.647;0.3235;2;18.4573;19.6338;462.5;0.0;3;295.48187231870315;19.05;0.3235;[1.7792000000000598, 0.0]
41;41;and;798;450;829;470;[];0.0;0.0;0;;;460.0;2.5;3;300.12991999999997;;;[]
42;42;you;838;455;868;475;[];0.0;0.0;0;;;465.0;5.0;3;297.149141121031;;;[]
43;43;must;878;452;921;470;[3933.0, 3935.0];0.6792;0.4529;2;16.9862;18.7542;461.0;4.0;3;309.257988205586;17.87;0.3396;[11.66912000000002, 19.400320000000022]
44;44;find;929;450;960;470;[];0.0;0.0;0;;;460.0;1.0;3;325.34429158810576;;;[]
45;45;a;969;455;978;470;[3934.0];0.3882;0.3882;1;17.2175;18.8263;462.5;2.5;3;342.77616613318725;18.02;0.3882;[12.969600000000014]
46;46;way;986;455;1021;475;[];0.0;0.0;0;;;465.0;2.5;3;347.04178778493866;;;[]
47;47;to;1028;452;1045;470;[];0.0;0.0;0;;;461.0;4.0;3;374.8536024489646;;;[]
48;48;enter.;206;557;257;575;[3936.0];0.2749;0.2749;1;16.1733;18.4726;566.0;105.0;4;580.2136496748128;17.32;0.2749;[2.5359999999999445]
49;49;Option;266;556;324;580;[3937.0];0.6953;0.6953;1;18.0177;18.5784;568.0;2.0;4;515.7427863469991;18.3;0.6953;[7.182080000000042]
50;50;A:;332;556;349;575;[];0.0;0.0;0;;;565.5;2.5;4;494.5412428392261;;;[]
51;51;Use;360;556;391;575;[];0.0;0.0;0;;;565.5;0.0;4;456.24989037693626;;;[]
52;52;Alohomora;399;555;494;575;[3938.0, 3939.0];0.9382;0.7117;2;17.914;18.4106;565.0;0.5;4;365.807240044489;18.16;0.4691;[0.0, 0.0]
53;53;spell;503;555;542;580;[];0.0;0.0;0;;;567.5;2.5;4;323.24688408237813;;;[]
54;54;to;550;557;567;575;[3940.0];0.4851;0.4851;1;17.4338;18.7549;566.0;1.5;4;306.54358135339646;18.09;0.4851;[0.0]
55;55;open;575;560;617;580;[];0.0;0.0;0;;;570.0;4.0;4;266.27224427072076;;;[]
56;56;the;625;555;653;575;[3941.0];0.5666;0.5666;1;17.8011;18.6615;565.0;5.0;4;246.3760135828291;18.23;0.5666;[0.0]
57;57;gates.;661;557;714;580;[];0.0;0.0;0;;;568.5;3.5;4;210.10686249850667;;;[]
58;58;Option;723;556;781;580;[3942.0];0.4207;0.4207;1;18.0557;19.0699;568.0;0.5;4;191.44695157919438;18.56;0.4207;[0.0]
59;59;B:;790;556;806;575;[];0.0;0.0;0;;;565.5;2.5;4;195.12991999999997;;;[]
60;60;Try;815;556;844;580;[];0.0;0.0;0;;;568.0;2.5;4;190.48238361845011;;;[]
61;61;to;852;557;868;575;[];0.0;0.0;0;;;566.0;2.0;4;201.08688487558405;;;[]
62;62;climb;876;555;923;575;[3943.0];0.4207;0.4207;1;18.7124;20.4019;565.0;1.0;4;208.19195582194425;19.56;0.4207;[1.6963200000000143]
63;63;over;931;560;970;575;[];0.0;0.0;0;;;567.5;2.5;4;233.13720095464473;;;[]
64;64;the;977;555;1005;575;[];0.0;0.0;0;;;565.0;2.5;4;261.16380926339394;;;[]
65;65;gates.;1013;557;1065;580;[3944.0];0.6956;0.6956;1;16.4017;16.4433;568.5;3.5;4;282.97379537506015;16.42;0.6956;[15.701760000000036]
66;66;Option;230;660;288;685;[];0.0;0.0;0;;;672.5;104.0;5;522.4006179829483;;;[]
67;67;C:;297;660;313;680;[];0.0;0.0;0;;;670.0;2.5;5;498.63095057263183;;;[]
68;68;Knock;325;660;377;680;[3945.0, 3946.0];0.8733;0.5823;2;18.2231;18.8175;670.0;0.0;5;435.8386995999396;18.52;0.4366;[3.7247999999999593, 0.5811200000000554]
69;69;on;385;665;405;680;[];0.0;0.0;0;;;672.5;2.5;5;408.4849892823069;;;[]
70;70;the;413;660;441;680;[];0.0;0.0;0;;;670.0;2.5;5;373.45671672761006;;;[]
71;71;gates;449;662;496;685;[3947.0];0.5337;0.5337;1;17.156;18.0749;673.5;3.5;5;318.9869653590353;17.62;0.5337;[0.0]
72;72;and;504;660;535;680;[];0.0;0.0;0;;;670.0;3.5;5;283.145564099045;;;[]
73;73;wait;544;661;580;680;[];0.0;0.0;0;;;670.5;0.5;5;240.91248715864936;;;[]
74;74;for;587;660;612;680;[];0.0;0.0;0;;;670.0;0.5;5;211.57528227315777;;;[]
75;75;someone;619;665;699;680;[3948.0];0.2749;0.2749;1;17.7055;18.5762;672.5;2.5;5;137.93635368881692;18.14;0.2749;[5.113920000000007]
76;76;to;706;662;723;680;[];0.0;0.0;0;;;671.0;1.5;5;120.79069860285763;;;[]
77;77;open;731;665;773;685;[];0.0;0.0;0;;;675.0;4.0;5;90.40096055333923;;;[]
78;78;them.;781;660;832;680;[3949.0];0.5659;0.5659;1;18.1576;19.0404;670.0;5.0;5;90.12991999999997;18.6;0.5659;[0.0]
79;79;Option;842;660;899;685;[3950.0];0.4529;0.4529;1;16.5329;18.4346;672.5;2.5;5;93.46499274576763;17.48;0.4529;[3.246399999999994]
80;80;D:;909;661;926;679;[];0.0;0.0;0;;;670.0;2.5;5;139.47152221498982;;;[]
81;81;Fly;937;660;961;685;[];0.0;0.0;0;;;672.5;2.5;5;158.4025279753022;;;[]
82;82;over;969;665;1008;680;[3951.0];0.5818;0.5818;1;14.8744;14.2031;672.5;0.0;5;188.523032197571;14.54;0.5818;[0.9804799999999432]
83;83;the;1015;660;1042;680;[];0.0;0.0;0;;;670.0;2.5;5;229.97937835590042;;;[]
84;84;gates;312;766;360;789;[];0.0;0.0;0;;;777.5;107.5;6;443.4176;;;[]
85;85;on;368;770;388;784;[3952.0];0.469;0.469;1;17.3793;17.946;777.0;0.5;6;415.4176;17.66;0.469;[0.0]
86;86;a;396;770;405;784;[];0.0;0.0;0;;;777.0;0.0;6;398.4176;;;[]
87;87;broomstick.;414;765;517;784;[3953.0];0.356;0.356;1;17.0227;16.9156;774.5;2.5;6;286.4176;16.97;0.356;[0.0]
88;88;What;526;765;572;784;[];0.0;0.0;0;;;774.5;0.0;6;231.4176;;;[]
89;89;do;579;765;600;784;[3957.0, 3958.0];0.5657;0.2585;2;18.0708;18.8045;774.5;0.0;6;203.4176;18.44;0.2828;[8.528399390272437, 0.0]
90;90;you;608;770;639;789;[3954.0];0.2908;0.2908;1;16.9964;17.2326;779.5;5.0;6;164.4176;17.11;0.2908;[9.854079999999954]
91;91;choose?;647;765;718;784;[3955.0];0.2102;0.2102;1;17.1057;18.194;774.5;5.0;6;85.4176;17.65;0.2102;[0.9939068640471682]
92;92;(Please;727;765;790;789;[3956.0];0.2588;0.2588;1;17.5249;18.0052;777.0;2.5;6;13.417599999999993;17.77;0.2588;[6.638785693302643]
93;93;enter;798;766;845;784;[3959.0];0.4851;0.4851;1;18.9877;19.6897;775.0;2.0;6;0.0;19.34;0.4851;[0.0]
94;94;A,;851;766;868;789;[];0.0;0.0;0;;;777.5;2.5;6;47.58240000000001;;;[]
95;95;B,;878;766;893;789;[];0.0;0.0;0;;;777.5;0.0;6;74.5824;;;[]
96;96;C;903;765;913;784;[];0.0;0.0;0;;;774.5;3.0;6;99.5824;;;[]
97;97;or;921;770;939;784;[];0.0;0.0;0;;;777.0;2.5;6;117.5824;;;[]
98;98;D);947;765;966;789;[];0.0;0.0;0;;;777.0;0.0;6;143.5824;;;[]
