;number;text;x1;y1;x2;y2;y;diff_y;line;fixations;fix_distance;fix_duration;first_fix_duration;fix_number;pupil_l;pupil_r;distance;pupil;fix_duration_avg
0;0;Let's;211;241;250;260;250.5;;1;[];[];0.0;0.0;0;;;409.57160941058214;;
1;1;say;258;246;287;265;255.5;5.0;1;[4366.0];[60.96992];0.7913;0.7913;1;12.6347;14.2028;378.16870419850244;13.42;0.7913
2;2;the;295;241;323;260;250.5;5.0;1;[];[];0.0;0.0;0;;;355.8186628539521;;
3;3;track;330;241;374;260;250.5;0.0;1;[4367.0];[25.655039999999985];0.8088;0.8088;1;14.8501;16.131;322.7814927085728;15.49;0.8088
4;4;is;383;242;395;260;251.0;0.5;1;[];[];0.0;0.0;0;;;310.5938300017797;;
5;5;2;403;241;412;260;250.5;0.5;1;[];[];0.0;0.0;0;;;301.4390778170183;;
6;6;units;421;242;463;260;251.0;0.5;1;[4368.0];[0.0];0.5173;0.5173;1;13.9426;15.9594;278.4321979139166;14.95;0.5173
7;7;long,;472;241;514;265;253.0;2.0;1;[];[];0.0;0.0;0;;;258.5206205221827;;
8;8;in;523;242;537;260;251.0;2.0;1;[];[];0.0;0.0;0;;;259.64767981858495;;
9;9;the;545;241;573;260;250.5;0.5;1;[4369.0];[9.063999999999993];1.0029;1.0029;1;15.9874;17.0687;257.75487999999996;16.53;1.0029
10;10;interest;581;242;648;260;251.0;0.5;1;[];[];0.0;0.0;0;;;258.067840761251;;
11;11;of;656;241;673;260;250.5;0.5;1;[4370.0];[32.08351999999999];0.582;0.582;1;15.2697;15.3376;272.2679754124131;15.3;0.582
12;12;keeping;680;241;748;265;253.0;2.5;1;[];[];0.0;0.0;0;;;276.33886884615845;;
13;13;it;757;242;767;260;251.0;2.0;1;[];[];0.0;0.0;0;;;319.4485586681748;;
14;14;general.;775;241;846;265;253.0;2.0;1;[4371.0, 4492.0];[19.959360000000004, 27.952036542620615];1.02;0.4692;2;15.1854;15.1057;326.51528974180417;15.15;0.51
15;15;By;856;242;876;265;253.5;0.5;1;[];[];0.0;0.0;0;;;382.9615406737004;;
16;16;the;884;241;912;260;250.5;3.0;1;[4372.0];[0.0];0.5659;0.5659;1;15.0934;13.8503;407.56300621520387;14.47;0.5659
17;17;time;920;242;959;260;251.0;0.5;1;[];[];0.0;0.0;0;;;436.04404276996416;;
18;18;the;966;241;994;260;250.5;0.5;1;[4373.0];[10.189635764716986];0.4204;0.4204;1;12.001;12.9937;473.9275497744083;12.5;0.4204
19;19;second;1002;241;1062;260;250.5;0.0;1;[];[];0.0;0.0;0;;;504.5177158784162;;
20;20;contestant;210;347;304;365;356.0;105.5;2;[4374.0, 4390.0, 4399.0];[5.309120000000007, 25.67647999999997, 19.64512000000002];1.5696;0.5986;3;12.8452;14.7012;305.26313769463627;13.77;0.5232
21;21;has;312;346;341;365;355.5;0.5;2;[4391.0, 4400.0];[0.0, 0.0];0.8735;0.4692;2;14.3483;15.8099;273.85543199866316;15.08;0.4368
22;22;reached;349;346;418;365;355.5;0.0;2;[4375.0, 4389.0];[19.53248000000002, 0.0];0.5498;0.3074;2;13.2727;15.3724;214.29526367881866;14.32;0.2749
23;23;a;422;342;430;374;358.0;2.5;2;[4392.0, 4401.0];[0.0, 4.12480000000005];1.2136;0.6309;2;14.1469;14.4691;199.4763309146587;14.31;0.6068
24;24;full;443;346;469;365;355.5;2.5;2;[4376.0];[4.919999999999959];0.4692;0.4692;1;13.3004;14.5192;182.19064530094406;13.91;0.4692
25;25;unit,;478;346;516;370;358.0;2.5;2;[4377.0, 4402.0];[0.6976000000000795, 0.0];1.7949;0.4526;2;14.0226;14.5152;156.73611209665242;14.27;0.8975
26;26;the;525;346;553;365;355.5;2.5;2;[4393.0];[14.008960000000002];0.4692;0.4692;1;14.6024;15.5872;153.5186374196123;15.09;0.4692
27;27;halfway;561;346;629;370;358.0;2.5;2;[4378.0, 4387.0, 4403.0, 4404.0, 4405.0, 4493.0];[16.99903999999998, 15.043200000000013, 0.8591999999999871, 1.153599999999983, 5.2435199999999895, 38.64496900753836];2.9119;0.9058;6;14.8189;15.3963;147.75487999999996;15.11;0.4853
28;28;mark;637;346;682;365;355.5;2.5;2;[4394.0];[0.7891200000000254];0.5649;0.5649;1;15.0856;15.8081;167.49481435308488;15.45;0.5649
29;29;of;689;346;706;365;355.5;0.0;2;[4388.0];[12.411519999999996];0.6148;0.6148;1;14.783;15.7374;194.6892273218381;15.26;0.6148
30;30;the;713;346;740;365;355.5;0.0;2;[4379.0, 4406.0];[0.0, 16.333439999999996];1.051;0.5337;2;14.2218;14.7309;210.4133171526326;14.48;0.5255
31;31;track,;748;346;798;370;358.0;2.5;2;[4395.0, 4398.0];[31.898239999999987, 39.29151999999999];0.5173;0.3237;2;13.9748;14.9104;232.64910753143747;14.44;0.2587
32;32;the;806;346;834;365;355.5;2.5;2;[];[];0.0;0.0;0;;;282.5561990740503;;
33;33;first;842;346;876;365;355.5;0.0;2;[4380.0, 4396.0, 4407.0];[0.11327999999997473, 0.0, 0.0];2.1194;0.4854;3;15.3306;14.6933;313.4466602712084;15.01;0.7065
34;34;contestant;884;347;977;365;356.0;0.5;2;[4381.0, 4397.0, 4408.0];[0.0, 77.85184000000004, 12.119571809201837];1.0837;0.2749;3;13.5853;12.8156;350.71937390907607;13.2;0.3612
35;35;will;985;346;1012;365;355.5;0.5;2;[4382.0];[17.289919999999995];0.2278;0.2278;1;13.6942;13.1705;443.82159753123136;13.43;0.2278
36;36;have;1021;346;1062;365;355.5;0.0;2;[];[];0.0;0.0;0;;;477.7828101084993;;
37;37;covered;209;450;278;470;460.0;104.5;3;[4383.0, 4409.0];[14.464639999999974, 22.543999999999983];0.8091;0.5015;2;11.7384;11.9002;294.1961373559729;11.82;0.4045
38;38;only;287;450;323;475;462.5;2.5;3;[4384.0, 4410.0];[0.0, 1.7744000000000142];1.3904;0.8403;2;13.6212;15.3735;248.99261522216767;14.5;0.6952
39;39;half;332;450;364;470;460.0;2.5;3;[4411.0];[0.0];0.5171;0.5171;1;14.767;15.3895;209.801645453925;15.08;0.5171
40;40;a;371;455;379;470;462.5;2.5;3;[4385.0];[0.0];0.5012;0.5012;1;14.4917;16.4301;195.22525050611264;15.46;0.5012
41;41;unit.;389;451;426;470;460.5;2.0;3;[4412.0];[2.7542399999999816];0.4368;0.4368;1;15.3001;15.682;150.0940532971724;15.49;0.4368
42;42;At;435;451;454;470;460.5;0.0;3;[];[];0.0;0.0;0;;;123.86984473702395;;
43;43;this;461;450;492;470;460.0;0.5;3;[4386.0, 4413.0];[75.40032000000002, 4.181120000000021];0.7598;0.3555;2;14.758;15.4948;90.00757765418649;15.13;0.3799
44;44;point,;501;451;550;475;463.0;3.0;3;[];[];0.0;0.0;0;;;46.504460379348565;;
45;45;contestant;559;452;653;470;461.0;2.0;3;[4414.0];[1.3888000000000034];0.3882;0.3882;1;14.6704;14.8353;47.75487999999996;14.75;0.3882
46;46;#1;661;451;683;470;460.5;0.5;3;[4415.0];[13.597037132316757];0.5176;0.5176;1;16.1684;15.3839;104.28258164801241;15.78;0.5176
47;47;has;693;450;722;470;460.0;0.5;3;[];[];0.0;0.0;0;;;133.53656890595312;;
48;48;1.5;732;451;757;470;460.5;0.5;3;[4416.0, 4479.0];[17.817279999999982, 0.0];0.8411;0.4202;2;14.7122;15.1915;170.5287425485052;14.95;0.4205
49;49;units;766;451;808;470;460.5;0.0;3;[4480.0, 4490.0, 4491.0];[0.0, 8.115839999999992, 61.388480000000015];0.8567;0.2263;3;16.134;15.6324;203.39132930185187;15.88;0.2856
50;50;left,;817;450;849;475;462.5;2.0;3;[];[];0.0;0.0;0;;;252.3538294442435;;
51;51;and;858;450;889;470;460.0;2.5;3;[4474.0];[10.649697985126162];0.4688;0.4688;1;15.4258;14.9119;293.6151617937574;15.17;0.4688
52;52;contestant;898;452;991;470;461.0;1.0;3;[4417.0, 4418.0, 4475.0, 4481.0, 4482.0, 4483.0];[0.0, 24.274560000000008, 14.143290700766933, 22.062720000000013, 25.07328000000001, 3.118719999999996];1.844;0.4529;6;13.7828;14.2933;333.14608092423106;14.04;0.3073
53;53;#2;1000;451;1023;470;460.5;0.5;3;[];[];0.0;0.0;0;;;434.3388695882217;;
54;54;one;1031;455;1062;470;462.5;2.0;3;[];[];0.0;0.0;0;;;465.16341304446365;;
55;55;unit;211;557;244;575;566.0;103.5;4;[4419.0, 4420.0, 4476.0];[19.2530552137991, 13.884685739101158, 28.26911999999993];1.5356;0.2749;3;11.2178;13.6909;326.6604312052111;12.45;0.5119
56;56;left.;252;555;284;575;565.0;1.0;4;[];[];0.0;0.0;0;;;286.7237430614606;;
57;57;At;293;556;311;575;565.5;0.5;4;[4421.0];[0.0];0.356;0.356;1;12.0576;14.4966;260.1213129967909;13.28;0.356
58;58;this;319;555;350;575;565.0;0.5;4;[];[];0.0;0.0;0;;;221.44896485460131;;
59;59;point,;359;556;408;580;568.0;3.0;4;[4477.0];[0.08575999999993655];0.2585;0.2585;1;14.4676;15.0082;164.79376163913014;14.74;0.2585
60;60;contestant;417;557;510;575;566.0;2.0;4;[4422.0];[1.3878399999999829];0.4534;0.4534;1;14.2947;14.9222;70.27386793947247;14.61;0.4534
61;61;#2;518;556;542;575;565.5;0.5;4;[];[];0.0;0.0;0;;;46.4121177622225;;
62;62;will;550;555;577;575;565.0;0.5;4;[4423.0, 4484.0, 4494.0];[1.0876799999999776, 30.859840000000077, 37.24512000000004];1.1807;0.6792;3;15.798;16.3654;37.24512000000004;16.08;0.3936
63;63;slow;586;555;624;575;565.0;0.0;4;[4424.0];[0.0];0.2893;0.2893;1;15.2022;15.6271;41.23938936471295;15.41;0.2893
64;64;down,;632;555;685;579;567.0;2.0;4;[4469.0];[0.0];0.3718;0.3718;1;16.0379;16.6377;73.79432522338278;16.34;0.3718
65;65;making;694;555;758;580;567.5;0.5;4;[4425.0, 4478.0, 4485.0];[0.0, 81.21568000000002, 16.244480000000067];1.0671;0.3718;3;14.623;15.4922;131.10719597022268;15.06;0.3557
66;66;#1;767;556;790;575;565.5;2.0;4;[4427.0, 4486.0, 4487.0];[2.844799999999964, 0.0, 0.0];1.2461;0.5015;3;14.9283;15.4887;202.3526740005537;15.21;0.4154
67;67;twice;799;556;844;575;565.5;0.0;4;[4426.0, 4470.0, 4471.0];[2.1743999999998778, 5.5465599999999995, 0.0];2.103;0.9544;3;15.2186;15.3325;233.8541491510774;15.28;0.701
68;68;as;852;560;870;575;567.5;2.0;4;[];[];0.0;0.0;0;;;286.83360618165773;;
69;69;fast;878;555;910;575;565.0;2.5;4;[4428.0, 4430.0, 4488.0];[0.0, 0.0, 14.445120000000088];1.3093;0.5012;3;14.7949;14.0571;311.9371052554895;14.43;0.4364
70;70;as;918;560;936;575;567.5;2.5;4;[4429.0];[2.3823999999999614];0.6794;0.6794;1;14.8401;15.1418;352.24800472845027;14.99;0.6794
71;71;him;945;555;976;575;565.0;2.5;4;[4472.0, 4473.0, 4489.0];[10.850879999999961, 65.75328000000002, 20.278707661229284];1.5527;0.6958;3;15.2624;15.4552;378.5423464226616;15.36;0.5176
72;72;and;985;555;1015;575;565.0;0.0;4;[4431.0];[22.114880000000085];0.469;0.469;1;13.9601;13.9955;418.36677214517687;13.98;0.469
73;73;thus;1024;555;1062;575;565.0;0.0;4;[];[];0.0;0.0;0;;;457.2251008367479;;
74;74;switching;216;660;298;685;672.5;107.5;5;[];[];0.0;0.0;0;;;305.4385974875711;;
75;75;the;307;660;334;680;670.0;2.5;5;[];[];0.0;0.0;0;;;274.0940350229725;;
76;76;roles.;343;660;390;680;670.0;0.0;5;[];[];0.0;0.0;0;;;228.0845615888424;;
77;77;So;399;660;420;680;670.0;0.0;5;[];[];0.0;0.0;0;;;205.48699042804253;;
78;78;by;429;660;449;685;672.5;2.5;5;[];[];0.0;0.0;0;;;185.64705232018753;;
79;79;the;457;660;484;680;670.0;2.5;5;[];[];0.0;0.0;0;;;165.34575904804584;;
80;80;time;492;661;531;680;670.5;0.5;5;[];[];0.0;0.0;0;;;148.02039276793727;;
81;81;contestant;539;662;633;680;671.0;0.5;5;[4432.0, 4442.0, 4443.0, 4458.0];[24.222080000000005, 0.0, 0.0, 0.0];1.1807;0.2104;4;14.6771;15.6038;144.24512000000004;15.14;0.2952
82;82;#1;641;661;663;679;670.0;1.0;5;[];[];0.0;0.0;0;;;160.64018387431707;;
83;83;has;673;660;702;680;670.0;0.0;5;[4457.0, 4467.0];[0.3148799999999028, 26.328320000000076];0.8574;0.3398;2;16.3843;16.3684;176.62654623576375;16.38;0.4287
84;84;run;711;665;738;680;672.5;2.5;5;[4444.0, 4459.0];[0.0, 6.311999999999898];0.6143;0.3555;2;14.9238;15.5663;205.05124636337712;15.25;0.3071
85;85;another;747;660;816;680;670.0;2.5;5;[4456.0, 4460.0, 4468.0];[26.805759999999964, 0.0, 97.80351999999993];1.3264;0.2749;3;15.6961;15.6819;228.40614185081444;15.69;0.4421
86;86;unit,;823;661;861;684;672.5;2.5;5;[4445.0];[22.05033120680049];0.291;0.291;1;14.6737;15.4493;292.2227011632983;15.06;0.291
87;87;contestant;870;662;964;680;671.0;1.5;5;[4446.0, 4461.0, 4462.0];[19.11552000000006, 17.0777599999999, 19.545599999999922];1.019;0.3557;3;13.998;14.6344;334.41429950762324;14.32;0.3397
88;88;#2;972;661;995;679;670.0;1.0;5;[];[];0.0;0.0;0;;;428.36593687544104;;
89;89;would;1004;660;1054;680;670.0;0.0;5;[];[];0.0;0.0;0;;;458.33726014276243;;
90;90;have;259;765;300;784;774.5;104.5;6;[4433.0, 4449.0];[35.481919999999946, 18.621439999999893];0.9375;0.3877;2;14.6942;15.9829;364.8452198332527;15.34;0.4688
91;91;already;308;765;373;789;777.0;2.5;6;[4434.0, 4447.0, 4463.0];[46.64352000000008, 19.294399999999996, 24.7319070745787];1.5681;0.4365;3;15.3223;15.5698;315.07150305156836;15.45;0.5227
92;92;crossed;381;765;447;784;774.5;2.5;6;[4435.0, 4448.0, 4450.0, 4464.0];[60.68255999999997, 6.138879999999972, 9.15967999999998, 8.289279999999962];2.0215;0.6304;4;14.8894;15.0596;275.39513582337366;14.97;0.5054
93;93;another;456;765;525;784;774.5;0.0;6;[4451.0, 4465.0];[0.0, 0.0];1.3264;0.5823;2;14.6023;15.7677;251.0070804482902;15.18;0.6632
94;94;2;533;765;541;784;774.5;0.0;6;[];[];0.0;0.0;0;;;248.74712789331747;;
95;95;units,;550;766;598;789;777.5;3.0;6;[4436.0];[79.36704000000009];0.4526;0.4526;1;14.5174;15.5567;248.24512000000004;15.04;0.4526
96;96;making;607;765;671;789;777.0;0.5;6;[4452.0, 4466.0];[0.0, 23.839040000000068];0.9866;0.6145;2;15.9383;15.5242;250.2564141738917;15.73;0.4933
97;97;the;679;765;707;784;774.5;2.5;6;[4437.0, 4453.0];[72.55071999999996, 0.0];1.1482;0.6309;2;14.4794;15.5753;270.89828208236094;15.03;0.5741
98;98;slow;715;765;753;784;774.5;0.0;6;[4454.0];[0.0];0.3723;0.3723;1;14.0286;15.4425;287.49379547248384;14.74;0.3723
99;99;and;761;765;792;784;774.5;0.0;6;[4438.0];[69.18175999999994];0.4851;0.4851;1;15.0886;15.3756;313.4734400793381;15.23;0.4851
100;100;steady;801;765;859;789;777.0;2.5;6;[4439.0];[82.28896000000009];0.6636;0.6636;1;14.6969;15.7974;339.5320980926168;15.25;0.6636
101;101;racer;868;770;912;784;777.0;0.0;6;[4455.0];[1.5615999999999985];0.7439;0.7439;1;14.8563;14.6538;391.72828240398263;14.76;0.7439
102;102;the;919;765;947;784;774.5;2.5;6;[4440.0];[79.05312000000004];0.3398;0.3398;1;14.6991;14.7184;429.09738665619295;14.71;0.3398
103;103;winner.;955;766;1019;784;775.0;0.5;6;[4441.0];[63.83295999999996];0.7927;0.7927;1;14.5161;15.381;459.5289552086727;14.95;0.7927
