;number;text;x1;y1;x2;y2;y;diff_y;line;fixations;fix_distance;fix_duration;first_fix_duration;fix_number;pupil_l;pupil_r;distance;pupil;fix_duration_avg
0;0;To;221;347;242;365;356.0;;1;[];[];0.0;0.0;0;;;376.7996592998545;;
1;1;use;251;351;280;365;358.0;2.0;1;[];[];0.0;0.0;0;;;353.60748302105605;;
2;2;ChatGPT;288;346;365;365;355.5;2.5;1;[];[];0.0;0.0;0;;;312.41278470716657;;
3;3;you;372;351;403;370;360.5;5.0;1;[];[];0.0;0.0;0;;;295.2049417751783;;
4;4;can;412;351;441;365;358.0;2.5;1;[];[];0.0;0.0;0;;;292.0723979572298;;
5;5;follow;449;346;501;365;355.5;2.5;1;[];[];0.0;0.0;0;;;288.90592000000004;;
6;6;these;508;346;556;365;355.5;0.0;1;[];[];0.0;0.0;0;;;289.9100978725757;;
7;7;steps:;564;347;616;370;358.5;3.0;1;[];[];0.0;0.0;0;;;294.99151046849875;;
8;8;1.;628;347;641;365;356.0;2.5;1;[];[];0.0;0.0;0;;;322.85287182939294;;
9;9;Go;651;346;674;365;355.5;0.5;1;[];[];0.0;0.0;0;;;333.7543732275076;;
10;10;to;682;347;698;365;356.0;0.5;1;[];[];0.0;0.0;0;;;350.30519158083627;;
11;11;the;706;346;734;365;355.5;0.5;1;[];[];0.0;0.0;0;;;364.4159020247146;;
12;12;website;741;346;809;365;355.5;0.0;1;[];[];0.0;0.0;0;;;386.7448327366332;;
13;13;for;816;346;841;365;355.5;0.0;1;[];[];0.0;0.0;0;;;440.18505841121686;;
14;14;ChatGPT.;848;346;929;365;355.5;0.0;1;[];[];0.0;0.0;0;;;464.8030215569671;;
15;15;2.;939;346;953;365;355.5;0.0;1;[];[];0.0;0.0;0;;;539.064606933609;;
16;16;Click;963;346;1004;365;355.5;0.0;1;[];[];0.0;0.0;0;;;559.4746400405352;;
17;17;Sign;1012;346;1050;370;358.0;2.5;1;[];[];0.0;0.0;0;;;599.5844194510781;;
18;18;Up.;214;451;242;475;463.0;105.0;2;[];[];0.0;0.0;0;;;300.86322614850496;;
19;19;3.;252;451;266;470;460.5;2.5;2;[];[];0.0;0.0;0;;;285.1279755627049;;
20;20;Enter;277;451;323;470;460.5;0.0;2;[];[];0.0;0.0;0;;;244.35090678875417;;
21;21;your;330;455;370;475;465.0;4.5;2;[];[];0.0;0.0;0;;;212.0814316447492;;
22;22;Email;378;450;424;470;460.0;5.0;2;[];[];0.0;0.0;0;;;193.4123658106855;;
23;23;Address.;432;450;509;470;460.0;0.0;2;[];[];0.0;0.0;0;;;183.90592000000004;;
24;24;4.;518;451;533;470;460.5;0.5;2;[3975];[1.248959999999954];0.3235;0.3235;1;15.6923;16.7013;187.04223493234466;16.2;0.3235
25;25;Confirm;543;450;611;470;460.0;0.5;2;[];[];0.0;0.0;0;;;193.1715239068285;;
26;26;your;620;455;660;475;465.0;5.0;2;[];[];0.0;0.0;0;;;224.79531500564332;;
27;27;account;667;452;736;470;461.0;4.0;2;[3976];[2.4224000000000387];0.259;0.259;1;15.1671;15.4647;259.5192094017058;15.32;0.259
28;28;by;744;450;764;475;462.5;1.5;2;[];[];0.0;0.0;0;;;315.69592339541924;;
29;29;clicking;772;450;836;475;462.5;0.0;2;[3977];[2.4812799999999697];0.4854;0.4854;1;14.4149;14.5297;339.13715344751955;14.47;0.4854
30;30;the;845;450;873;470;460.0;2.5;2;[3978];[0.0];0.5823;0.5823;1;14.8734;14.6004;405.24184488831656;14.74;0.5823
31;31;prompt;881;452;946;475;463.5;3.5;2;[3979, 3980];[0.0, 24.772724148950577];0.7439;0.4368;2;14.2378;14.4349;435.5487656376567;14.34;0.372
32;32;in;954;451;967;470;460.5;3.0;2;[];[];0.0;0.0;0;;;504.8006252457364;;
33;33;the;975;450;1003;470;460.0;0.5;2;[];[];0.0;0.0;0;;;524.4132348143842;;
34;34;email;1011;450;1057;470;460.0;0.0;2;[];[];0.0;0.0;0;;;558.2697147871147;;
35;35;you;219;560;250;580;570.0;110.0;3;[3981, 3982];[0.0, 18.353920000000016];0.6143;0.2747;2;13.5363;15.5961;245.28998847993455;14.57;0.3071
36;36;are;258;560;286;575;567.5;2.5;3;[];[];0.0;0.0;0;;;213.04241654770632;;
37;37;sent.;294;557;336;575;566.0;1.5;3;[3973];[43.50276711632953];0.5337;0.5337;1;13.9798;14.9541;167.6244351175759;14.47;0.5337
38;38;5.;346;556;360;575;565.5;0.5;3;[3983];[5.181192019757708];0.679;0.679;1;14.9213;16.5197;146.88489932081654;15.72;0.679
39;39;Enter;370;556;417;575;565.5;0.0;3;[3974];[71.95519999999999];0.5496;0.5496;1;15.3747;16.7584;103.44359259270924;16.07;0.5496
40;40;a;424;560;432;575;567.5;2.0;3;[];[];0.0;0.0;0;;;94.43961482601678;;
41;41;phone;441;555;495;580;567.5;0.0;3;[];[];0.0;0.0;0;;;73.90592000000004;;
42;42;number.;503;555;576;575;565.0;2.5;3;[3984];[13.928639999999973];0.2752;0.2752;1;16.2425;17.3517;81.18676276639194;16.8;0.2752
43;43;6.;586;556;601;575;565.5;0.5;3;[];[];0.0;0.0;0;;;129.04398958683197;;
44;44;Type;609;556;652;580;568.0;2.5;3;[3985];[14.191360000000032];0.4854;0.4854;1;14.6393;14.9337;145.30759391197145;14.79;0.4854
45;45;the;660;555;687;575;565.0;3.0;3;[];[];0.0;0.0;0;;;192.9778579228363;;
46;46;code;695;555;736;575;565.0;0.0;3;[3986];[7.850560000000087];0.2588;0.2588;1;14.3691;14.8847;225.37317863598233;14.63;0.2588
47;47;that;744;555;779;575;565.0;0.0;3;[];[];0.0;0.0;0;;;271.81378193256944;;
48;48;is;787;556;799;575;565.5;0.5;3;[];[];0.0;0.0;0;;;313.2109334753281;;
49;49;sent;807;557;844;575;566.0;0.5;3;[3987];[0.0];0.3887;0.3887;1;15.5893;14.8454;332.60403011461904;15.22;0.3887
50;50;to;851;557;868;575;566.0;0.0;3;[3992];[2.1680000000000064];0.6148;0.6148;1;14.5377;13.8464;375.4930295604519;14.19;0.6148
51;51;your;876;560;916;580;570.0;4.0;3;[];[];0.0;0.0;0;;;399.0130274170085;;
52;52;phone;924;555;977;580;567.5;2.5;3;[3988, 3989, 3991, 3993];[0.0, 22.953190079150225, 0.0, 4.273599999999988];1.6499;0.3074;4;14.8034;13.6415;446.27103967038505;14.22;0.4125
53;53;into;986;556;1017;575;565.5;2.0;3;[3990];[0.5187200000000303];0.4368;0.4368;1;14.7417;13.5759;508.2709821035295;14.16;0.4368
54;54;the;1025;555;1053;575;565.0;0.5;3;[];[];0.0;0.0;0;;;546.8316721336524;;
55;55;prompt.;460;662;528;685;673.5;108.5;4;[3996, 3997, 4009];[57.30568026887383, 4.069759999999974, 8.094079999999963];0.8582;0.3401;3;14.0043;15.4301;8.094079999999963;14.72;0.2861
56;56;7.;538;661;553;679;670.0;3.5;4;[];[];0.0;0.0;0;;;54.57186279106108;;
57;57;Enter;563;661;609;680;670.5;0.5;4;[3998];[0.0];0.3066;0.3066;1;14.5614;15.3646;79.42624382712805;14.96;0.3066
58;58;a;621;665;625;680;672.5;2.0;4;[];[];0.0;0.0;0;;;137.55690331090764;;
59;59;prompt;634;662;698;685;673.5;1.0;4;[3999, 4005, 4006, 4007, 4008];[0.0, 82.27296000000001, 84.33845470910644, 69.97472000000005, 28.062400000000025];2.427;0.4692;5;15.1689;15.6125;150.32686376189184;15.39;0.4854
60;60;for;706;660;730;680;670.0;3.5;4;[];[];0.0;0.0;0;;;222.19238701739172;;
61;61;ChatGPT.;737;660;818;680;670.0;0.0;4;[4000, 4001, 4003];[0.3148800000000165, 56.04737989631265, 31.82335999999998];1.1965;0.6956;3;15.1822;15.3;253.18215270529316;15.24;0.3988
