text;attention
ChatGPT;0.13950379154667117
uses;0.028683140153164623
a;0.012331290274632615
large;0.012789428589213234
language;0.013588531067787223
model;0.01790274087061618
to;0.017528030214043346
provide;0.012648561976377254
answers;0.014937130844216462
to;0.011589816820758788
questions.;0.03530564011629857
Open;0.01202174025169827
Assistant;0.02809996100816515
collects;0.02313050589503302
data;0.015077581460743781
from;0.012359870276497962
humans.;0.05747490476805908
The;0.01354531272169844
advantage;0.016371825586212807
of;0.013310120226102335
Open;0.01495784162301297
Assistant;0.019895056213485644
is;0.017027925757693997
that;0.014284442113955603
you;0.012982304966844556
can;0.012946688049534047
get;0.012167795317561646
a;0.01079782172672738
more;0.011534447830296111
accurate;0.013906457513010671
reply;0.0160905381694676
unlike;0.019247621080857622
ChatGPT;0.027315471288893958
who;0.017013498362129002
is;0.011213059313198789
confidentially;0.014322694286648518
incorrect.;0.02914382029180487
Open;0.012509664831727937
Assistant;0.015598062711397414
takes;0.01277275099633714
a;0.010624997602683976
lot;0.01176195880095036
more;0.012040169020973508
time;0.01499315054579144
to;0.012110380419905286
respond;0.014374560125123906
unlike;0.01497635778196657
ChatGPT;0.01617500495861021
who;0.012941978361997114
takes;0.011586521276897306
at;0.01049960996530269
most;0.01169873897671791
2;0.011138107147425963
minutes.;0.011150577903078019
