text;attention
You;0.00023171198616207825
can;0.00015021600995482093
use;0.00014427909406335775
this;0.00015011310600129775
formula;0.00020089152871291858
to;0.00019608390819955053
estimate;0.0001777109598766425
the;0.0002159456199563386
cost;0.00014888503444588229
of;0.00014247875981998297
land.;0.2318746083901284
Plot;0.00017849361345015865
Value;0.00019527121122043598
=;0.000294906534777324
End;0.00019585061242342566
Value;0.00016623015640232855
-;0.00019962790879729015
Development;0.00017464624937815515
Costs;0.00016363576144465651
-;0.00019318059481856316
Desired;0.0002379428369370495
Equity;0.00019792856895408905
Then;0.00034288538517868676
identify;0.00021002559293032698
and;0.00018274647600934282
deduct;0.0002471047481454481
all;0.00015022063454589945
the;0.00019337459568442603
costs;0.00016948139436677556
involved;0.00013335488299032
in;0.00015071187854301968
designing;0.0001486389335478446
and;0.00013624930353748732
building;0.00014896050235127428
the;0.00017740669976879766
house.;0.2344732762778711
The;0.00019556860622008904
remaining;0.00015217639803466712
amount;0.00015128500212553144
will;0.0001830883527362558
be;0.00022440374814636327
the;0.00018927841963346646
desired;0.00018281872960648532
development;0.00021628860493240194
profit;0.00017917628282214425
or;0.0001603989676233072
equity,;0.0005362493603650354
and;0.00018509901765951788
the;0.00017392278731613174
sum;0.00015775068087785354
you;0.00018801231173276576
need;0.0001420645265933345
to;0.00014956827207874128
buy;0.00017395250054664
the;0.00016845822529819207
plot.;0.27012613128794394
This;0.00017861990105313318
is;0.00014930469299358489
essentially;0.00014186998736065253
its;0.00019727738442572453
valuation.;0.2528021602004785
