text;attention
Sure!;0.026578949592146534
Here's;0.03210132362285541
an;0.01210385299922222
outline;0.0155922985976693
for;0.012499199200739004
the;0.012703868784756047
talking;0.015480573751670593
points;0.015477630112239292
related;0.012145866098926353
to;0.013261271010635086
a;0.011819020457015475
presentation;0.014611608348475214
on;0.012917488523831852
using;0.01368508846758597
Al;0.011860351339310852
to;0.02176567163483549
do;0.012442435214097616
product;0.013831069944219095
development:;0.02441038583208262
*;0.02535494650183314
Greeting;0.01691406281526707
and;0.013205082678434869
introduction;0.012736468091037418
*;0.018967038868935523
Overview;0.012835587088016182
of;0.012249386745945685
Al's;0.030345667002555116
use;0.01150911108260525
in;0.012698385499420666
product;0.011921513377056606
development;0.011924260253419094
*;0.016547482373061757
Give;0.013117671032913161
suggestions;0.013675387178487782
on;0.01252214084437769
its;0.012075914116703085
uses;0.011608343594562542
*;0.01591116106965468
Provide;0.013893407901790666
real-world;0.015429640056203762
examples;0.011243078865630276
*;0.014235906170974895
Provide;0.012130510562543917
a;0.011092819746906143
live;0.013193107115341588
demonstration;0.012529131596443461
of;0.011574616866235092
using;0.011279671286732577
AI;0.012615214447795694
for;0.01260522437733339
product;0.010980854367623053
development;0.011291443291499973
*;0.01234205282479242
Conclusion;0.012559183488423739
and;0.01229008595397292
sign-off.;0.017826010879767745
Feel;0.012218719986638496
free;0.012095353565006382
to;0.011722392580071376
change;0.011763296159986272
this;0.012959708826006697
to;0.01161042254140102
your;0.01248721456756292
liking;0.012718410129643266
and;0.011396852343725943
add/remove;0.013716642728415962
talking;0.011604141167882512
point;0.011362311591878225
at;0.01076773910856912
will;0.010864015472234157
:).;0.012193255684364922
