;number;text;x1;y1;x2;y2;fixations;fix_duration;first_fix_duration;fix_number;pupil_l;pupil_r;y;diff_y;line;distance;pupil;fix_duration_avg;fix_distance
0;0;As;218;399;238;418;[];0.0;0.0;0;;;408.5;;1;525.5802196003712;;;[]
1;1;a;246;403;255;418;[];0.0;0.0;0;;;410.5;2.0;1;510.8082027876749;;;[]
2;2;Large;264;399;312;422;[];0.0;0.0;0;;;410.5;0.0;1;460.19082324094035;;;[]
3;3;Language;321;399;406;422;[2012.0];0.3239;0.3239;1;12.3948;11.1559;410.5;0.0;1;385.06207732672715;11.78;0.3239;[0.0]
4;4;Model,;414;398;471;422;[2011.0, 2013.0];0.4852;0.2425;2;10.1258;9.4276;410.0;0.5;1;338.6684210185154;9.78;0.2426;[27.824000000000012, 15.14688000000001]
5;5;J;480;399;485;417;[];0.0;0.0;0;;;408.0;2.0;1;333.3462251101314;;;[]
6;6;do;494;398;514;418;[];0.0;0.0;0;;;408.0;0.0;1;314.9024700366359;;;[]
7;7;not;523;400;551;418;[2014.0];0.2264;0.2264;1;8.2612;8.9723;409.0;1.0;1;294.9691279357458;8.62;0.2264;[62.942079999999976]
8;8;have;559;398;600;418;[2015.0];0.2264;0.2264;1;9.5157;9.3105;408.0;1.0;1;274.0825934552838;9.41;0.2264;[0.3712000000000444]
9;9;the;608;398;635;418;[2024.0];0.194;0.194;1;9.9356;9.269;408.0;0.0;1;263.76431152673854;9.6;0.194;[0.0]
10;10;ability;643;398;696;422;[];0.0;0.0;0;;;410.0;2.0;1;252.4280875718358;;;[]
11;11;to;704;400;720;418;[2016.0];0.3884;0.3884;1;8.1266;7.4614;409.0;1.0;1;256.52848113839985;7.79;0.3884;[59.62432000000001]
12;12;think;728;398;772;418;[2025.0];0.4855;0.4855;1;7.3903;6.697;408.0;1.0;1;258.32031130976594;7.04;0.4855;[12.556159999999977]
13;13;in;781;399;794;417;[];0.0;0.0;0;;;408.0;0.0;1;270.8532299884467;;;[]
14;14;the;803;398;830;418;[2017.0];0.2749;0.2749;1;9.5042;7.2069;408.0;0.0;1;277.55587407794917;8.36;0.2749;[28.924800000000005]
15;15;same;838;403;885;418;[2018.0];0.356;0.356;1;8.3956;6.9102;410.5;2.5;1;292.741536573091;7.65;0.356;[22.391680000000008]
16;16;way;893;403;927;422;[];0.0;0.0;0;;;412.5;2.0;1;319.7206658869182;;;[]
17;17;that;935;398;970;418;[];0.0;0.0;0;;;408.0;4.5;1;350.0044743073642;;;[]
18;18;a;978;403;986;418;[2019.0];0.2588;0.2588;1;6.7705;6.6719;410.5;2.5;1;380.57717119550716;6.72;0.2588;[74.06272000000001]
19;19;human;995;398;1055;418;[];0.0;0.0;0;;;408.0;2.5;1;393.3057793055861;;;[]
20;20;would.;215;503;272;522;[];0.0;0.0;0;;;512.5;104.5;2;451.3010988189309;;;[]
21;21;I;282;504;287;522;[];0.0;0.0;0;;;513.0;0.5;2;437.21191405904574;;;[]
22;22;am;295;508;321;522;[];0.0;0.0;0;;;515.0;2.0;2;405.51838847970185;;;[]
23;23;a;330;508;338;522;[];0.0;0.0;0;;;515.0;0.0;2;389.8174139198689;;;[]
24;24;program;348;508;422;527;[2020.0];0.3561;0.3561;1;8.5097;8.3838;517.5;2.5;2;311.8319627542603;8.45;0.3561;[10.712639999999965]
25;25;which;431;503;480;522;[2021.0];0.2588;0.2588;1;9.0629;7.6379;512.5;5.0;2;265.00541314315524;8.35;0.2588;[84.41279999999995]
26;26;can;489;508;518;522;[];0.0;0.0;0;;;515.0;2.5;2;234.93941388190785;;;[]
27;27;provide;527;503;592;527;[];0.0;0.0;0;;;515.0;0.0;2;180.86929257111169;;;[]
28;28;you;600;508;631;527;[];0.0;0.0;0;;;517.5;2.5;2;161.4366705404147;;;[]
29;29;with;640;503;675;522;[];0.0;0.0;0;;;512.5;5.0;2;153.9751830496538;;;[]
30;30;an;684;508;704;522;[];0.0;0.0;0;;;515.0;2.5;2;152.42687999999998;;;[]
31;31;output;712;504;770;527;[];0.0;0.0;0;;;515.5;0.5;2;148.21035387304894;;;[]
32;32;based;778;503;828;522;[];0.0;0.0;0;;;512.5;3.0;2;172.7151186062598;;;[]
33;33;on;837;508;857;522;[];0.0;0.0;0;;;515.0;2.5;2;207.11199336391508;;;[]
34;34;an;866;508;886;522;[];0.0;0.0;0;;;515.0;0.0;2;227.7478680365074;;;[]
35;35;input;895;504;939;527;[];0.0;0.0;0;;;515.5;0.5;2;247.0334718113608;;;[]
36;36;you;947;508;977;527;[];0.0;0.0;0;;;517.5;2.0;2;290.4209582574481;;;[]
37;37;provide.;987;503;1057;527;[];0.0;0.0;0;;;515.0;2.5;2;325.51784742956016;;;[]
38;38;Therefore,;307;608;399;632;[];0.0;0.0;0;;;620.0;105.0;3;300.78803998027314;;;[]
39;39;the;408;608;436;627;[2022.0];0.2749;0.2749;1;9.8603;8.6248;617.5;2.5;3;265.0583607343379;9.24;0.2749;[32.26704128487765]
40;40;relevant;444;608;516;627;[2028.0];0.3396;0.3396;1;8.817;7.7851;617.5;0.0;3;186.89838574790954;8.3;0.3396;[76.74400000000003]
41;41;question;524;608;598;632;[2023.0, 2029.0];0.7601;0.3881;2;8.8662;8.2549;620.0;2.5;3;107.5066816303731;8.56;0.3801;[62.259199999999964, 69.61407999999994]
42;42;is,;608;608;625;632;[];0.0;0.0;0;;;620.0;0.0;3;83.38179294770771;;;[]
43;43;how;635;608;669;627;[2030.0, 2039.0];0.4852;0.2588;2;8.9668;8.0549;617.5;2.5;3;54.96436841422267;8.51;0.2426;[54.902079999999955, 59.76607999999999]
44;44;do;678;608;698;627;[];0.0;0.0;0;;;617.5;0.0;3;47.42687999999998;;;[]
45;45;you;706;613;737;632;[2040.0];0.2753;0.2753;1;6.3505;6.2482;622.5;5.0;3;43.41697588702371;6.3;0.2753;[43.41697588702371]
46;46;wish;746;608;784;627;[2031.0, 2035.0, 2038.0];1.0509;0.3232;3;7.5763;6.888;617.5;5.0;3;68.35084926447072;7.23;0.3503;[25.113920000000007, 13.64512000000002, 28.257600000000025]
47;47;to;792;609;808;627;[2034.0];0.2266;0.2266;1;7.5958;6.9049;618.0;0.5;3;106.37671265448279;7.25;0.2266;[2.4016000000000304]
48;48;interact;817;608;884;627;[2027.0, 2032.0, 2033.0, 2036.0];1.4072;0.3237;4;7.2182;6.9937;617.5;0.5;3;129.2360824041583;7.11;0.3518;[24.171839999999975, 16.303445200374107, 30.70496000000003, 0.0]
49;49;with;892;608;927;627;[2026.0];0.1619;0.1619;1;6.6924;7.0156;617.5;0.0;3;200.89759828124974;6.85;0.1619;[0.757759999999962]
50;50;me?;937;608;972;627;[2037.0];0.1456;0.1456;1;9.8585;6.493;617.5;0.0;3;244.85622923498272;8.18;0.1456;[16.932159999999953]
