;number;text;x1;y1;x2;y2;fixations;fix_duration;first_fix_duration;fix_number;pupil_l;pupil_r;y;diff_y;line;distance;pupil;fix_duration_avg;fix_distance
0;0;An;228;242;250;260;[];0.0;0.0;0;;;251.0;;1;480.09857642542704;;;[]
1;1;increase;260;246;332;260;[1391.0];0.2427;0.2427;1;11.6814;10.3321;253.0;2.0;1;467.36637436354107;11.01;0.2427;[0.0]
2;2;in;341;246;354;260;[];0.0;0.0;0;;;253.0;0.0;1;466.3505427097964;;;[]
3;3;cortisol,;363;241;432;265;[1392.0, 1397.0, 1398.0];0.8576;0.2425;3;9.6807;8.8284;253.0;0.0;1;461.23104;9.25;0.2858;[46.411894259226266, 10.568640000000016, 2.6326399999999808]
4;4;a;445;246;449;260;[1399.0];0.1129;0.1129;1;10.4932;8.0264;253.0;0.0;1;473.11995422484733;9.26;0.1129;[91.75423999999998]
5;5;stress;458;242;510;260;[];0.0;0.0;0;;;251.0;2.0;1;475.5029067058598;;;[]
6;6;hormone,;518;241;602;265;[1393.0, 1394.0, 1395.0];0.9538;0.2911;3;8.3704;8.7541;253.0;2.0;1;486.08526812249886;8.56;0.3179;[54.59039999999999, 55.81920000000002, 1.8755199999999945]
7;7;can;611;246;640;260;[];0.0;0.0;0;;;253.0;0.0;1;527.3572162071185;;;[]
8;8;cause;649;246;699;260;[];0.0;0.0;0;;;253.0;0.0;1;546.1495369271329;;;[]
9;9;physical;707;241;777;265;[1396.0, 1400.0];0.8734;0.55;2;9.0569;8.3155;253.0;0.0;1;574.4574984154368;8.69;0.4367;[23.286720000000003, 0.0]
10;10;and;786;241;816;260;[];0.0;0.0;0;;;250.5;2.5;1;628.4789204784212;;;[]
11;11;psychological;826;241;943;265;[1401.0, 1402.0, 1430.0];0.9055;0.3718;3;8.2088;9.0992;253.0;2.5;1;652.4292291779404;8.65;0.3018;[26.66592000000003, 15.17664000000002, 9.168321390527295]
12;12;symptoms;952;242;1044;265;[];0.0;0.0;0;;;253.5;0.5;1;746.875883588245;;;[]
13;13;such;227;346;266;365;[];0.0;0.0;0;;;355.5;102.0;2;374.4346499533952;;;[]
14;14;as:;274;351;298;365;[1403.0];0.3236;0.3236;1;10.7237;10.144;358.0;2.5;2;367.31140995852775;10.43;0.3236;[0.0]
15;15;Physical;310;346;379;370;[1406.0, 1407.0];0.5015;0.2103;2;10.9474;10.7833;358.0;0.0;2;356.23104;10.87;0.2507;[0.0, 12.98624000000001]
16;16;symptoms:;388;347;486;370;[1390.0, 1424.0];0.5826;0.2427;2;8.1557;8.103;358.5;0.5;2;357.0015931137025;8.13;0.2913;[6.381439999999998, 10.06783999999999]
17;17;Increased;497;346;582;365;[1404.0, 1405.0, 1408.0, 1409.0, 1456.0];1.4072;0.2429;5;10.2991;9.8106;355.5;3.0;2;384.7454554451834;10.05;0.2814;[0.0, 40.09440000000001, 63.38015999999999, 25.488, 14.029440000000022]
18;18;heart;592;346;637;365;[1410.0];0.4045;0.4045;1;9.6084;9.0338;355.5;0.0;2;426.87032396937786;9.32;0.4045;[7.090880000000027]
19;19;rate;646;347;679;365;[];0.0;0.0;0;;;356.0;0.5;2;457.92809379390735;;;[]
20;20;High;688;346;726;370;[1411.0, 1457.0];0.7116;0.4366;2;9.705;9.5325;358.0;2.0;2;481.1611554206362;9.62;0.3558;[31.05984000000001, 12.503679999999974]
21;21;blood;736;346;782;365;[];0.0;0.0;0;;;355.5;2.5;2;518.1292455418064;;;[]
22;22;pressure;792;351;867;370;[1412.0, 1458.0];0.8733;0.5013;2;9.4571;7.9264;360.5;5.0;2;556.4245169703808;8.69;0.4366;[53.01600000000002, 7.139200000000017]
23;23;Muscle;876;346;935;365;[1413.0, 1429.0];0.485;0.2586;2;9.7254;8.8034;355.5;5.0;2;626.1485535284112;9.26;0.2425;[10.31232, 20.54208]
24;24;tension;942;346;1006;365;[1414.0];0.3071;0.3071;1;8.1164;8.2751;355.5;0.0;2;681.122979707572;8.2;0.3071;[40.944320000000005]
25;25;and;1015;346;1045;365;[];0.0;0.0;0;;;355.5;0.0;2;744.0189652728762;;;[]
26;26;weakness;241;450;327;470;[1415.0];0.3721;0.3721;1;9.214;8.0705;460.0;104.5;3;258.96883805917963;8.64;0.3721;[24.145163103064753]
27;27;Headaches;336;450;431;470;[1416.0];0.1777;0.1777;1;8.414;9.5594;460.0;0.0;3;256.23104;8.99;0.1777;[59.653760000000034]
28;28;Fatigue;440;451;504;475;[1417.0];0.275;0.275;1;10.1768;8.9649;463.0;3.0;3;262.31414732286476;9.57;0.275;[19.632960000000026]
29;29;Psychological;512;450;629;475;[1418.0, 1419.0, 1422.0, 1423.0, 1452.0];1.4391;0.2261;5;9.539;8.877;462.5;0.5;3;291.3014464188628;9.21;0.2878;[71.76480000000004, 50.51679999999999, 17.206079999999986, 0.0, 17.031999999999982]
30;30;symptoms:;638;452;736;475;[1420.0, 1425.0];0.9059;0.5823;2;9.3261;8.473;463.5;1.0;3;371.3330298878913;8.9;0.4529;[0.0, 38.46437324411257]
31;31;Anxiety;746;451;813;475;[1426.0];0.2427;0.2427;1;9.1775;8.624;463.0;0.5;3;456.744951023787;8.9;0.2427;[0.0]
32;32;Irritability;821;450;909;475;[1427.0, 1428.0];0.6796;0.3234;2;11.0309;9.3318;462.5;0.5;3;521.0157677899217;10.18;0.3398;[24.32712775759605, 75.92255999999998]
33;33;Mood;917;450;963;470;[];0.0;0.0;0;;;460.0;2.5;3;608.9727703975947;;;[]
34;34;swings;972;451;1031;475;[];0.0;0.0;0;;;463.0;3.0;3;657.3463901823159;;;[]
35;35;Decreased;221;555;312;575;[1431.0];0.2426;0.2426;1;8.5118;8.4328;565.0;102.0;4;160.1032313406622;8.47;0.2426;[28.230059122856996]
36;36;concentration;321;556;442;575;[1432.0];0.4688;0.4688;1;9.1619;7.2797;565.5;0.5;4;151.23104;8.22;0.4688;[40.66976]
37;37;Insomnia;451;556;532;575;[1433.0];0.3397;0.3397;1;8.6609;7.8535;565.5;0.0;4;174.19315223544697;8.26;0.3397;[5.231359999999995]
38;38;or;541;560;558;575;[1453.0];0.1296;0.1296;1;6.7066;7.4477;567.5;2.0;4;232.38552081771704;7.08;0.1296;[3.170880000000011]
39;39;disturbed;566;555;648;575;[1434.0, 1451.0];0.4697;0.2752;2;8.7309;7.3139;565.0;2.5;4;251.89321206757756;8.02;0.2348;[0.0, 1.3481600000000071]
40;40;sleep;657;555;702;580;[1421.0, 1435.0];0.5176;0.2102;2;9.067;8.2629;567.5;2.5;4;326.96565918414365;8.66;0.2588;[33.96831999999995, 24.139519999999948]
41;41;How;711;556;748;575;[1436.0];0.2589;0.2589;1;7.7912;7.5742;565.5;2.0;4;378.0128546567188;7.68;0.2589;[18.187631388215433]
42;42;increases;757;560;838;575;[1437.0, 1438.0, 1447.0, 1454.0];1.4879;0.3561;4;8.437;7.6547;567.5;2.0;4;420.57400381588207;8.05;0.372;[48.38911999999999, 0.0, 8.145920000000046, 71.52127999999999]
43;43;in;847;556;860;575;[];0.0;0.0;0;;;565.5;2.0;4;505.5910093007208;;;[]
44;44;cortisol;869;555;932;575;[1448.0, 1455.0];0.7444;0.2752;2;8.0225;7.6937;565.0;0.5;4;526.6248849852441;7.86;0.3722;[23.539988591467093, 36.675230330325135]
45;45;feels;940;555;981;575;[1439.0];0.5175;0.5175;1;7.3443;7.2005;565.0;0.0;4;594.9837845569588;7.27;0.5175;[56.13216]
46;46;in;990;560;1003;575;[];0.0;0.0;0;;;567.5;2.5;4;643.467189439929;;;[]
47;47;your;1011;560;1051;580;[1440.0, 1449.0];0.3236;0.1455;2;7.8413;7.8562;570.0;2.5;4;662.7762276105876;7.85;0.1618;[0.0, 7.4790400000000545]
48;48;body;221;660;263;685;[];0.0;0.0;0;;;672.5;102.5;5;109.60740068864693;;;[]
49;49;is;272;661;284;680;[];0.0;0.0;0;;;670.5;2.0;5;92.88006829089653;;;[]
50;50;entirely;292;660;358;685;[1441.0, 1443.0];0.8088;0.3721;2;9.8897;7.646;672.5;2.0;5;41.74913514938484;8.77;0.4044;[46.61728000000005, 42.05024000000003]
51;51;subjective,;366;660;462;685;[1442.0, 1460.0, 1461.0];0.8896;0.4041;3;10.1967;8.7311;672.5;0.0;5;41.256290256415454;9.46;0.2965;[59.21248000000003, 0.0, 41.256290256415454]
52;52;as;471;665;489;680;[];0.0;0.0;0;;;672.5;0.0;5;116.04940278054686;;;[]
53;53;the;497;660;524;680;[];0.0;0.0;0;;;670.0;2.5;5;140.28011365023056;;;[]
54;54;experience;532;661;629;685;[1444.0, 1445.0, 1459.0];0.8085;0.2588;3;10.2234;8.3044;673.0;3.0;5;172.44484302443374;9.26;0.2695;[28.828294668009747, 20.508479999999963, 0.0]
55;55;of;637;660;654;680;[];0.0;0.0;0;;;670.0;3.0;5;276.33784808766535;;;[]
56;56;stress;660;662;712;680;[1446.0];0.3234;0.3234;1;8.3958;7.2743;671.0;1.0;5;299.03844817300933;7.84;0.3234;[87.29024093847838]
57;57;and;720;660;751;680;[];0.0;0.0;0;;;670.0;1.0;5;358.43713184563006;;;[]
58;58;its;760;661;779;680;[];0.0;0.0;0;;;670.5;0.5;5;398.1364508378021;;;[]
59;59;physiological;788;660;901;685;[];0.0;0.0;0;;;672.5;2.0;5;425.4458159222178;;;[]
60;60;effects;910;660;968;680;[];0.0;0.0;0;;;670.0;2.5;5;547.398934494507;;;[]
61;61;can;976;665;1005;680;[];0.0;0.0;0;;;672.5;2.5;5;613.1884668564156;;;[]
62;62;vary;1013;665;1051;685;[];0.0;0.0;0;;;675.0;2.5;5;649.75270856359;;;[]
63;63;greatly;501;765;563;789;[];0.0;0.0;0;;;777.0;102.0;6;141.84420709257603;;;[]
64;64;from;570;765;611;784;[1450.0];0.2589;0.2589;1;8.8879;6.4528;774.5;2.5;6;209.0692246260114;7.67;0.2589;[12.314804307011974]
65;65;person;620;770;679;789;[];0.0;0.0;0;;;779.5;5.0;6;259.1658740762788;;;[]
66;66;to;687;766;703;784;[];0.0;0.0;0;;;775.0;4.5;6;324.88642231666375;;;[]
67;67;person.;712;770;777;789;[];0.0;0.0;0;;;779.5;4.5;6;350.18923325213984;;;[]
