text;attention
***;0.4108185428217118
/home/username;0.5891814571782882
