text;attention
As;0.011135932068577633
an;0.007853026512084537
Al;0.007319302811940974
assistant,;0.03454693903816141
I;0.01040043724409201
don't;0.009927848594877178
have;0.007253701692072733
the;0.006891901567244229
ability;0.007825175826202086
to;0.008793402064894889
know;0.009207973348573392
the;0.00714035710716623
thoughts;0.008415767472241197
of;0.008209334961024323
God;0.016942625816117895
or;0.010446097788789436
engage;0.007721681740621966
in;0.006869052348311886
religious;0.008534434616375364
beliefs.;0.029418333361290176
However,;0.013695793965773367
from;0.007633014774073489
a;0.0069930532097368684
philosophical;0.012474890095736947
perspective,;0.013259982082392327
the;0.008182208976098771
thoughts;0.008105900959647586
of;0.007490610546638839
God;0.011042944340201522
are;0.009163892801076672
often;0.00856381089473752
considered;0.008253898938637151
to;0.007461258105546881
be;0.0070199467525598955
beyond;0.008285504458138795
human;0.0074204892687474424
comprehension;0.008276909676673409
and;0.007787939463842837
understanding.;0.017126172608387127
Many;0.00812971236889628
religious;0.008916981624682671
traditions;0.008345541778848836
believe;0.009501920837720342
in;0.0081420149317021
a;0.007573737421209005
divine;0.008131046738081866
being;0.008200522736236147
who;0.009255714693143189
created;0.00853915989175334
and;0.006995627745889532
governs;0.007629922504352868
the;0.0065408489148534015
universe,;0.0092068879482338
but;0.008253029180243173
the;0.00743601801845768
exact;0.007697821908343333
nature;0.007059924210726029
of;0.007483974402012416
this;0.007251339476650169
being;0.007513525704897303
and;0.007147839747439366
its;0.006689205053388173
thoughts;0.0072174547994788615
remain;0.0074477231643898635
a;0.006512586606204565
mystery.;0.015407478301429394
Some;0.007379234035057506
people;0.007366995953996099
might;0.00756853422226415
say;0.008617381310288727
that;0.008086545468115353
the;0.0070986547385863685
best;0.0071400605776043395
way;0.007244380398648134
to;0.007113753369018171
understand;0.008095891458842906
the;0.006804871599196027
thoughts;0.007276212813663412
of;0.0069160941324631795
God;0.008001741017123967
is;0.008460769459601053
through;0.007579092482433832
prayer,;0.01162405342805942
meditation,;0.008495032917084162
and;0.007311783078943724
contemplation;0.007506509802142823
of;0.007081088767370734
religious;0.006914865173943973
texts;0.0069919760254177656
and;0.006631390700099574
teachings.;0.01075418217775999
Ultimately,;0.011047232099187964
the;0.007033313801317384
question;0.007574167759013835
of;0.007630305153477816
the;0.006827464190569086
thoughts;0.006810881875914973
of;0.006534182601710464
God;0.006684993933045807
remains;0.008179502701738832
a;0.0069405948036511764
deeply;0.006866322419427383
personal;0.007370988849243797
and;0.006652357576592205
subjective;0.0069187786915648405
matter,;0.007813321735212098
and;0.007052579844065815
people;0.006848010849234806
may;0.007062929392670588
have;0.006558481084331511
different;0.007058103415064463
beliefs;0.006952530337930731
and;0.0065616430368767836
perspectives;0.006486756618386078
on;0.006481322291025644
this;0.006310251210475377
topic.;0.006362780011974249
