;number;text;x1;y1;x2;y2;fixations;fix_duration;first_fix_duration;fix_number;pupil_l;pupil_r;y;diff_y;line;distance;pupil;fix_duration_avg;fix_distance
0;0;Sure!;239;294;285;313;[];0.0;0.0;0;;;303.5;;1;665.1355793292264;;;[]
1;1;Here's;295;293;350;313;[];0.0;0.0;0;;;303.0;0.5;1;616.1321050632126;;;[]
2;2;an;358;298;377;313;[3018.0];0.4531;0.4531;1;22.5557;22.4015;305.5;2.5;1;596.6759560176911;22.48;0.4531;[2.4687999999999874]
3;3;outline;386;293;446;313;[];0.0;0.0;0;;;303.0;2.5;1;549.8580177551526;;;[]
4;4;for;453;293;478;313;[];0.0;0.0;0;;;303.0;0.0;1;529.7938554660913;;;[]
5;5;the;485;293;512;313;[];0.0;0.0;0;;;303.0;0.0;1;509.8130289524049;;;[]
6;6;talking;520;293;579;318;[3019.0];0.3071;0.3071;1;23.0709;20.1039;305.5;2.5;1;470.7062605167108;21.59;0.3071;[0.740160000000003]
7;7;points;588;295;641;318;[3020.0];0.6306;0.6306;1;23.3075;21.5016;306.5;1.0;1;444.9108419555829;22.4;0.6306;[0.0]
8;8;related;650;293;709;313;[];0.0;0.0;0;;;303.0;3.5;1;430.1856879181659;;;[]
9;9;to;718;295;734;313;[3021.0];0.3073;0.3073;1;21.9083;20.0358;304.0;1.0;1;425.5714347669797;20.97;0.3073;[0.0]
10;10;a;743;298;751;313;[];0.0;0.0;0;;;305.5;1.5;1;423.2492689770717;;;[]
11;11;presentation;760;294;870;318;[];0.0;0.0;0;;;306.0;0.5;1;415.34784;;;[]
12;12;on;879;298;899;313;[];0.0;0.0;0;;;305.5;0.5;1;427.61981021653526;;;[]
13;13;using;908;294;953;318;[3022.0];0.3397;0.3397;1;24.9457;23.3052;306.0;0.5;1;429.0405049521847;24.13;0.3397;[0.0]
14;14;Al;962;294;980;312;[];0.0;0.0;0;;;303.0;3.0;1;451.2480251143772;;;[]
15;15;to;988;295;1005;313;[];0.0;0.0;0;;;304.0;1.0;1;460.28084610336066;;;[]
16;16;do;1013;293;1033;313;[3023.0];0.8248;0.8248;1;21.2285;12.9014;303.0;1.0;1;471.0199330066888;17.06;0.8248;[10.90143999999998]
17;17;product;255;398;322;422;[];0.0;0.0;0;;;410.0;107.0;2;570.8541524501908;;;[]
18;18;development:;329;398;451;422;[3024.0];0.3721;0.3721;1;22.9391;18.1869;410.0;0.0;2;468.0483677672914;20.56;0.3721;[35.21600000000001]
19;19;*;462;398;470;409;[];0.0;0.0;0;;;403.5;6.5;2;463.0489408363069;;;[]
20;20;Greeting;479;398;554;422;[];0.0;0.0;0;;;410.0;6.5;2;397.0978632146308;;;[]
21;21;and;563;398;594;418;[3025.0];0.3075;0.3075;1;21.0536;21.6532;408.0;2.0;2;376.92918126569293;21.35;0.3075;[0.0]
22;22;introduction;603;398;709;418;[3026.0];0.3721;0.3721;1;21.6472;20.1429;408.0;0.0;2;328.3468892644266;20.9;0.3721;[12.187520000000006]
23;23;*;718;398;726;409;[];0.0;0.0;0;;;403.5;4.5;2;332.7879781627119;;;[]
24;24;Overview;735;398;818;418;[];0.0;0.0;0;;;408.0;4.5;2;315.34784;;;[]
25;25;of;826;398;843;418;[3027.0];0.4204;0.4204;1;22.4708;22.1771;408.0;0.0;2;316.37929339579983;22.32;0.4204;[0.0]
26;26;Al's;849;398;882;418;[3029.0];0.6309;0.6309;1;22.1547;21.6432;408.0;0.0;2;319.0596679143662;21.9;0.6309;[0.9030399999999759]
27;27;use;891;403;920;418;[3028.0, 3030.0];0.8568;0.485;2;23.3985;22.1714;410.5;2.5;2;328.0842716279243;22.78;0.4284;[4.69695999999999, 0.0]
28;28;in;928;399;942;417;[];0.0;0.0;0;;;408.0;2.5;2;341.0849433346855;;;[]
29;29;product;951;398;1018;422;[3031.0];0.3075;0.3075;1;13.3494;19.8146;410.0;2.0;2;345.8260756068368;16.58;0.3075;[19.728526965224763]
30;30;development;224;503;340;527;[3032.0];0.4203;0.4203;1;23.6538;21.5159;515.0;105.0;3;504.59426014336077;22.58;0.4203;[25.202240000000074]
31;31;*;348;503;356;514;[];0.0;0.0;0;;;508.5;6.5;3;495.6513452111531;;;[]
32;32;Give;365;503;404;522;[];0.0;0.0;0;;;512.5;4.0;3;449.28746362393156;;;[]
33;33;suggestions;412;504;517;527;[3033.0];0.259;0.259;1;23.622;21.6281;515.5;3.0;3;350.62332063002543;22.63;0.259;[0.9539199999999255]
34;34;on;525;508;545;522;[];0.0;0.0;0;;;515.0;0.5;3;331.5639753797533;;;[]
35;35;its;555;504;574;522;[];0.0;0.0;0;;;513.0;2.0;3;309.77120745741627;;;[]
36;36;uses;582;508;621;522;[3034.0];0.3882;0.3882;1;22.8411;21.0154;515.0;2.0;3;277.2700535031247;21.93;0.3882;[0.0]
37;37;*;629;503;637;514;[];0.0;0.0;0;;;508.5;6.5;3;273.5636905907391;;;[]
38;38;Provide;647;503;712;522;[];0.0;0.0;0;;;512.5;4.0;3;229.1189371693785;;;[]
39;39;real-world;721;503;809;522;[3035.0];0.1616;0.1616;1;10.649;19.7306;512.5;0.0;3;211.34784000000002;15.19;0.1616;[1.9910399999999981]
40;40;examples;818;503;903;527;[3036.0];0.3071;0.3071;1;24.2848;23.8803;515.0;2.5;3;207.09081527104385;24.08;0.3071;[9.39442759222719]
41;41;*;911;503;919;514;[];0.0;0.0;0;;;508.5;6.5;3;245.62076461412133;;;[]
42;42;Provide;929;503;994;522;[3038.0];0.0486;0.0486;1;17.6389;15.9655;512.5;4.0;3;247.3599502135008;16.8;0.0486;[0.0]
43;43;a;1002;508;1010;522;[3037.0];0.2745;0.2745;1;24.0641;22.0905;515.0;2.5;3;292.0287646270922;23.08;0.2745;[17.71529611534621]
44;44;live;1020;503;1049;522;[];0.0;0.0;0;;;512.5;2.5;3;304.7289775679786;;;[]
45;45;demonstration;228;608;357;627;[3039.0];0.4043;0.4043;1;24.22;22.2616;617.5;105.0;4;456.0468144495975;23.24;0.4043;[10.153279999999995]
46;46;of;365;608;382;627;[];0.0;0.0;0;;;617.5;0.0;4;431.77542423072856;;;[]
47;47;using;390;608;435;632;[];0.0;0.0;0;;;620.0;2.5;4;379.2655230437188;;;[]
48;48;AI;443;609;462;627;[];0.0;0.0;0;;;618.0;2.0;4;354.7875997968723;;;[]
49;49;for;470;608;494;627;[];0.0;0.0;0;;;617.5;0.5;4;324.4008794217821;;;[]
50;50;product;502;608;569;632;[3040.0];0.2267;0.2267;1;23.2872;21.541;620.0;2.5;4;252.6883696762192;22.41;0.2267;[0.0]
51;51;development;577;608;693;632;[3041.0];0.2424;0.2424;1;24.2362;22.3495;620.0;0.0;4;147.72257569385124;23.29;0.2424;[5.464755353938584]
52;52;*;701;608;709;619;[];0.0;0.0;0;;;613.5;6.5;4;146.433766630602;;;[]
53;53;Conclusion;718;608;813;627;[];0.0;0.0;0;;;617.5;4.0;4;106.34784000000002;;;[]
54;54;and;822;608;852;627;[3042.0];0.259;0.259;1;24.4243;23.5508;617.5;0.0;4;108.50460344900397;23.99;0.259;[2.2582400000000007]
55;55;sign-off.;861;608;934;632;[3043.0];0.3558;0.3558;1;23.9359;23.567;620.0;2.5;4;118.045879934988;23.75;0.3558;[15.141676141616585]
56;56;Feel;944;608;977;627;[];0.0;0.0;0;;;617.5;2.5;4;178.63283732176902;;;[]
57;57;free;986;608;1020;627;[];0.0;0.0;0;;;617.5;0.0;4;213.84552408134613;;;[]
58;58;to;1028;609;1044;627;[];0.0;0.0;0;;;618.0;0.5;4;251.1535899994774;;;[]
59;59;change;343;713;406;737;[];0.0;0.0;0;;;725.0;107.0;5;394.47360000000003;;;[]
60;60;this;414;713;445;732;[];0.0;0.0;0;;;722.5;2.5;5;355.4761552757451;;;[]
61;61;to;453;714;469;732;[];0.0;0.0;0;;;723.0;0.5;5;331.47634028634025;;;[]
62;62;your;477;718;517;737;[3045.0];0.2425;0.2425;1;25.2153;23.553;727.5;4.5;5;283.47360000000003;24.38;0.2425;[6.239680000000021]
63;63;liking;525;713;570;737;[];0.0;0.0;0;;;725.0;2.5;5;230.47360000000003;;;[]
64;64;and;579;713;610;732;[];0.0;0.0;0;;;722.5;2.5;5;190.47836877090694;;;[]
65;65;add/remove;619;713;727;735;[3046.0];0.3557;0.3557;1;26.8999;23.3655;724.0;1.5;5;73.47360000000003;25.13;0.3557;[0.0]
66;66;talking;735;713;794;737;[];0.0;0.0;0;;;725.0;1.0;5;6.473600000000033;;;[]
67;67;point;803;713;847;737;[3047.0];0.4044;0.4044;1;27.1736;25.9631;725.0;0.0;5;2.526399999999967;26.57;0.4044;[2.526399999999967]
68;68;at;855;714;871;732;[];0.0;0.0;0;;;723.0;2.0;5;54.543056108230644;;;[]
69;69;will;878;713;906;732;[];0.0;0.0;0;;;722.5;0.5;5;77.5381155924336;;;[]
70;70;:).;917;713;935;737;[3044.0];0.2263;0.2263;1;23.6977;22.2052;725.0;2.5;5;116.52639999999997;22.95;0.2263;[39.09536000000003]
