;number;text;x1;y1;x2;y2;fixations;fix_duration;fix_number;pupil_l;pupil_r;y;diff_y;line;distance;fix_duration_avg;pupil
0;0;Before;50;157;136;175;[];0.0;0;;;166.0;;1;942.4883244681178;;
1;1;I;155;157;165;175;[2165, 2166];0.5501;2;13.1059;14.9431;166.0;0.0;1;916.1683234857665;0.275;14.02
2;2;provide;184;156;286;180;[2167];0.2911;1;12.6877;14.4166;168.0;2.0;1;805.9305837097386;0.2911;13.55
3;3;you;304;161;345;180;[2168];0.3721;1;13.6162;16.0833;170.5;2.5;1;754.6307209216438;0.3721;14.85
4;4;with;363;156;420;175;[];0.0;0;;;165.5;5.0;1;693.9936173760678;;
5;5;a;440;161;451;175;[];0.0;0;;;168.0;2.5;1;668.5832137877229;;
6;6;Python;469;156;555;180;[2169];0.3234;1;13.6138;16.1271;168.0;0.0;1;583.9609344457213;0.3234;14.87
7;7;program,,;574;159;687;180;[2170];0.3232;1;13.5967;15.1477;169.5;1.5;1;492.4964310111495;0.3232;14.37
8;8;I,'d;710;156;751;175;[];0.0;0;;;165.5;4.0;1;459.60434479965477;;
9;9;like;769;156;826;175;[2171];0.2915;1;13.6023;15.4826;165.5;0.0;1;424.75794725787057;0.2915;14.54
10;10;to;845;157;871;175;[];0.0;0;;;166.0;0.5;1;409.0589318896728;;
11;11;ask;890;156;931;175;[2172];0.259;1;12.4864;14.4448;165.5;0.5;1;395.1907612264234;0.259;13.47
12;12;a;950;161;961;175;[];0.0;0;;;168.0;2.5;1;391.53416422927893;;
13;13;few;980;157;1022;175;[];0.0;0;;;166.0;2.0;1;390.14559999999994;;
14;14;questions;1039;156;1170;180;[2173];0.2583;1;14.276;16.0439;168.0;2.0;1;387.7718815988596;0.2583;15.16
15;15;to;1190;157;1216;175;[2174];0.5176;1;16.8064;16.9513;166.0;2.0;1;436.63590892037263;0.5176;16.88
16;16;make;55;255;113;274;[];0.0;0;;;264.5;98.5;2;927.8097383400974;;
17;17;sure;132;260;188;274;[];0.0;0;;;267.0;2.5;2;856.9212744229892;;
18;18;the;207;255;248;274;[];0.0;0;;;264.5;2.5;2;800.7500225155912;;
19;19;implementation;267;255;472;279;[];0.0;0;;;267.0;2.5;2;595.2365191742858;;
20;20;meets;490;256;562;274;[];0.0;0;;;265.0;2.0;2;520.9057129257847;;
21;21;your;581;260;638;279;[];0.0;0;;;269.5;4.5;2;456.7018442690154;;
22;22;needs,:;657;255;739;274;[];0.0;0;;;264.5;5.0;2;386.9922729961413;;
23;23;1,.;762;256;784;274;[];0.0;0;;;265.0;0.5;2;358.9469534049843;;
24;24;How;806;256;849;274;[];0.0;0;;;265.0;0.0;2;325.23066792465926;;
25;25;would;865;255;938;274;[];0.0;0;;;264.5;0.5;2;296.47204009606025;;
26;26;you;956;260;997;279;[];0.0;0;;;269.5;5.0;2;286.14559999999994;;
27;27;like;1016;255;1073;274;[];0.0;0;;;264.5;5.0;2;291.9797201154901;;
28;28;to;1092;256;1118;274;[];0.0;0;;;265.0;0.5;2;307.2139738988446;;
29;29;input;1137;255;1207;279;[];0.0;0;;;267.0;2.0;2;319.9122782243907;;
30;30;your;27;359;83;378;[];0.0;0;;;368.5;101.5;3;929.9706241375154;;
31;31;daily;101;354;173;378;[];0.0;0;;;366.0;2.5;3;842.0066233461113;;
32;32;tasks,?;192;354;278;373;[];0.0;0;;;363.5;2.5;3;741.2813458861083;;
33;33;Through;296;354;398;378;[];0.0;0;;;366.0;2.5;3;624.6396030982346;;
34;34;a;417;359;428;373;[];0.0;0;;;366.0;0.0;3;597.6741200342541;;
35;35;text;447;355;503;373;[];0.0;0;;;364.0;2.0;3;527.2072777937725;;
36;36;file,,;523;354;589;376;[];0.0;0;;;365.0;1.0;3;446.94182726471234;;
37;37;a;612;359;623;373;[];0.0;0;;;366.0;1.0;3;417.75659152037326;;
38;38;GUI,,;641;355;694;376;[];0.0;0;;;365.5;0.5;3;354.60318802672936;;
39;39;or;717;359;743;373;[];0.0;0;;;366.0;0.5;3;316.0595288212649;;
40;40;some;763;359;818;373;[];0.0;0;;;366.0;0.0;3;260.53173656719827;;
41;41;other;837;354;908;373;[];0.0;0;;;363.5;2.5;3;210.49127715589543;;
42;42;method,?;926;354;1028;373;[];0.0;0;;;363.5;0.0;3;192.14559999999994;;
43;43;2,.;1047;355;1069;373;[];0.0;0;;;364.0;0.5;3;199.33564899114253;;
44;44;How;1092;355;1135;373;[];0.0;0;;;364.0;0.0;3;215.7187913899018;;
45;45;do;1151;354;1178;373;[];0.0;0;;;363.5;0.5;3;248.165300069772;;
46;46;you;1197;359;1238;378;[];0.0;0;;;368.5;5.0;3;276.1422911448371;;
47;47;want;41;454;99;472;[];0.0;0;;;463.0;94.5;4;899.7798229337664;;
48;48;the;118;453;159;472;[];0.0;0;;;462.5;0.5;4;840.1251441057576;;
49;49;tasks;178;453;249;472;[];0.0;0;;;462.5;0.0;4;750.7463285016584;;
50;50;to;268;454;294;472;[];0.0;0;;;463.0;0.5;4;706.1160993482022;;
51;51;be;313;453;339;472;[];0.0;0;;;462.5;0.5;4;661.5359716286938;;
52;52;sorted,?;359;453;459;472;[];0.0;0;;;462.5;0.0;4;542.9943809642233;;
53;53;By;478;454;504;477;[];0.0;0;;;465.5;3.0;4;497.81154843848293;;
54;54;priority,,;523;453;650;477;[];0.0;0;;;465.0;0.5;4;355.06087162445823;;
55;55;due;672;453;714;472;[];0.0;0;;;462.5;2.5;4;295.03498395736057;;
56;56;date,,;732;453;800;475;[];0.0;0;;;464.0;1.5;4;213.8717488559908;;
57;57;or;823;458;849;472;[];0.0;0;;;465.0;1.0;4;172.2943114520035;;
58;58;another;868;453;969;472;[];0.0;0;;;462.5;2.5;4;96.4281377955625;;
59;59;criteria,?;988;453;1119;472;[];0.0;0;;;462.5;0.0;4;93.14559999999994;;
60;60;3,.;1138;454;1160;472;[];0.0;0;;;463.0;0.5;4;171.54525046972296;;
61;61;How;1183;454;1226;472;[];0.0;0;;;463.0;0.0;4;210.7549974703328;;
62;62;would;48;552;121;571;[];0.0;0;;;561.5;98.5;5;872.9456;;
63;63;you;139;557;180;576;[];0.0;0;;;566.5;5.0;5;813.9456;;
64;64;like;199;552;256;571;[];0.0;0;;;561.5;5.0;5;737.9456;;
65;65;the;275;552;316;571;[2175];0.5503;1;13.0316;15.5391;561.5;0.0;5;677.9456;0.5503;14.29
66;66;data;334;552;391;571;[];0.0;0;;;561.5;0.0;5;602.9456;;
67;67;to;410;553;436;571;[2176];0.2749;1;11.9142;14.7742;562.0;0.5;5;557.9456;0.2749;13.34
68;68;be;455;552;481;571;[];0.0;0;;;561.5;0.5;5;512.9456;;
69;69;saved,?;500;552;586;571;[2177, 2178];0.5337;2;11.3447;14.3143;561.5;0.0;5;407.9456;0.2669;12.83
70;70;In;605;553;630;571;[];0.0;0;;;562.0;0.5;5;363.9456;;
71;71;json;650;552;705;576;[];0.0;0;;;564.0;2.0;5;288.9456;;
72;72;files,,;725;552;807;574;[2179];0.3235;1;13.0955;14.293;563.0;1.0;5;186.9456;0.3235;13.69
73;73;or;829;557;856;571;[];0.0;0;;;564.0;1.0;5;137.9456;;
74;74;would;873;552;946;571;[2180];0.4043;1;12.9071;13.828;561.5;2.5;5;47.94560000000001;0.4043;13.37
75;75;you;964;557;1005;576;[2181];0.5823;1;10.5463;13.4698;566.5;5.0;5;0.0;0.5823;12.01
76;76;like;1024;552;1081;571;[];0.0;0;;;561.5;5.0;5;30.054399999999987;;
77;77;to;1100;553;1126;571;[];0.0;0;;;562.0;0.5;5;106.05439999999999;;
78;78;use;1145;557;1186;571;[];0.0;0;;;564.0;2.0;5;151.0544;;
79;79;a;1205;557;1216;571;[];0.0;0;;;564.0;0.0;5;211.0544;;
80;80;database,?;61;651;193;670;[];0.0;0;;;660.5;96.5;6;805.5338802053705;;
81;81;4,.;211;652;234;670;[];0.0;0;;;661.0;0.5;6;764.8928040965741;;
82;82;Would;255;651;328;670;[];0.0;0;;;660.5;0.5;6;671.4570128896712;;
83;83;you;347;656;388;675;[];0.0;0;;;665.5;5.0;6;612.7190156660066;;
84;84;like;407;651;463;670;[];0.0;0;;;660.5;5.0;6;537.8421777424304;;
85;85;to;482;652;508;670;[];0.0;0;;;661.0;0.5;6;493.6464453014121;;
86;86;include;528;651;628;670;[];0.0;0;;;660.5;0.5;6;375.88184334803935;;
87;87;any;647;656;688;675;[];0.0;0;;;665.5;5.0;6;319.15079846166765;;
88;88;additional;707;651;852;670;[];0.0;0;;;660.5;5.0;6;165.8901183275243;;
89;89;features,,;873;652;999;673;[];0.0;0;;;662.5;2.0;6;86.85440000000006;;
90;90;such;1023;651;1078;670;[];0.0;0;;;660.5;2.0;6;90.6373883048271;;
91;91;as;1097;656;1123;670;[];0.0;0;;;663.0;2.5;6;137.38533895114136;;
92;92;task;1142;651;1198;670;[];0.0;0;;;660.5;2.5;6;171.14637991707568;;
93;93;reminders;65;750;193;769;[];0.0;0;;;759.5;99.0;7;822.0006103152966;;
94;94;or;212;755;238;769;[];0.0;0;;;762.0;2.5;7;779.4218648195084;;
95;95;progress;257;753;373;774;[];0.0;0;;;763.5;1.5;7;648.7393265085137;;
96;96;tracking,?;392;750;523;774;[];0.0;0;;;762.0;1.5;7;505.925792343818;;
97;97;I;543;751;552;769;[];0.0;0;;;760.0;2.0;7;479.4348457910835;;
98;98;will;570;750;627;769;[];0.0;0;;;759.5;0.5;7;410.8773814153318;;
99;99;assume;647;755;733;769;[];0.0;0;;;762.0;2.5;7;322.7031133390566;;
100;100;you;752;755;793;774;[];0.0;0;;;764.5;2.5;7;276.4485980407932;;
101;101;have;812;750;868;769;[];0.0;0;;;759.5;5.0;7;223.68156687290983;;
102;102;the;887;750;928;769;[];0.0;0;;;759.5;0.0;7;196.26505383975015;;
103;103;latest;947;750;1033;769;[];0.0;0;;;759.5;0.0;7;184.85440000000006;;
104;104;version;1051;750;1153;769;[];0.0;0;;;759.5;0.0;7;193.4589200805174;;
105;105;of;1172;751;1198;769;[];0.0;0;;;760.0;0.5;7;257.3814821596923;;
106;106;Python;326;849;412;873;[];0.0;0;;;861.0;101.0;8;647.4828196629776;;
107;107;installed;432;849;563;868;[];0.0;0;;;858.5;2.5;8;516.0304550690008;;
108;108;when;580;849;637;868;[];0.0;0;;;858.5;0.0;8;456.05206036013044;;
109;109;writing;655;849;758;873;[];0.0;0;;;861.0;2.5;8;369.1119702186859;;
110;110;the;777;849;818;868;[];0.0;0;;;858.5;2.5;8;333.96133692198566;;
111;111;program,.;836;852;949;873;[];0.0;0;;;862.5;4.0;8;290.35418674219255;;
