text;attention
Yes,;2.5554704612271026e-14
there;1.7195438691291792e-14
are;1.6647118166772773e-14
some;1.628704937693873e-14
errors;1.92684767422065e-14
in;1.722312889422874e-14
the;1.6529758104549534e-14
code.;0.9999999999987323
Firstly,;2.5201727790524983e-14
the;1.78970374281272e-14
parameter;1.7718627212845767e-14
'name';2.4406917830472403e-14
is;1.6273098760487466e-14
declared;1.694612434836635e-14
twice.;2.125417878869133e-14
This;1.6839504344037228e-14
can;1.624631546704554e-14
cause;1.6658998342991218e-14
confusion;1.714050643573384e-14
in;1.589947069421092e-14
the;1.5611283912941006e-14
code;1.658760374551939e-14
and;1.606083791922384e-14
should;1.6105358702383464e-14
be;1.5731603328213334e-14
avoided.;1.8742491576644227e-14
Secondly,;1.9172320623803983e-14
the;1.6500324616165827e-14
""".replace()'";2.994121304304558e-14
method;1.7391560719470033e-14
should;1.591047614523822e-14
be;1.5514245927869147e-14
assigned;1.6455061048391413e-14
to;1.60120025149597e-14
the;1.60484411168603e-14
'name';1.9716711975265975e-14
variable;1.6058532665656198e-14
to;1.580061947587785e-14
store;1.621554801625935e-14
the;1.5626019652901437e-14
result.;1.8397913156840668e-14
So;1.6049058708847032e-14
the;1.611716890707546e-14
code;1.6616059502361628e-14
should;1.574804164608423e-14
look;1.5972735135521678e-14
like;1.619491129617009e-14
this:;2.0708844932956656e-14
~°*java;3.7138725174257363e-14
public;1.874275410627773e-14
int;1.7822524449149376e-14
test(String;2.3002925667926437e-14
name);1.8329257890627967e-14
{;1.984863158181473e-14
String;1.6476945914425234e-14
message;1.5968618172384813e-14
=;1.670225247684728e-14
"""Hello";2.187203945187664e-14
$NAME$;2.117560010787626e-14
how;1.6825917551134506e-14
are;1.582753378204352e-14
you;1.5866109892111223e-14
"doing?"";";2.022664422794495e-14
name;1.56138011901397e-14
=;1.6032350973387927e-14
"message.replace(""$NAME$"",";2.8517367345749734e-14
"name);";1.582425769720399e-14
return;1.5402476322044865e-14
"name;";1.5703107974084106e-14
};1.653273136488382e-14
~~;1.6394439827225047e-14
