text;attention
The;0.02499609928986681
meaning;0.024279607501570582
of;0.024124181350874633
life;0.02469406816081398
is;0.02528731958290099
something;0.02529773299850493
that;0.0235097507294064
people;0.023990594968798195
have;0.02378074198888419
philosophized;0.02784478985009106
for;0.023396845048929568
thousands;0.023917396500756617
of;0.022285571340057455
years.;0.026611455476581242
Proposed;0.026148343902733382
answers;0.02467143732519316
vary;0.026688525672794387
between;0.02440829496708239
cultures;0.025368475456315976
and;0.0226678125261075
ideologies;0.022996539782468618
but;0.02301594689252886
there;0.0231271056325032
is;0.02278495595972035
no;0.02293929470611877
concrete;0.02329162689417337
answer.;0.024645690995470995
It;0.022691642609312612
is;0.02288340354702983
up;0.022945854526871246
to;0.023602758144356663
you;0.023337459440479342
to;0.023855791322151817
figure;0.023315336007559254
that;0.02331027352427063
out;0.023172708360416773
and;0.022322109070458722
find;0.022684945713480297
meaning;0.023148565811080955
in;0.02249512672279279
your;0.021659310627860643
life.;0.02180450907063094
