text;attention
Lua;2.920535173543804e-16
is;2.824044295304823e-16
a;2.54158065204162e-16
robust,;4.529908365432343e-16
lightweight,;6.563390814441359e-16
and;3.0189289416747572e-16
embeddable;6.706465253411369e-16
scripting;3.765141984622751e-16
language;4.660661892014345e-16
that;2.2143764799629094e-16
supports;2.951832299263915e-16
multiple;2.616926750308755e-16
programming;2.530733246076708e-16
methods,;3.7832282006192853e-16
including;2.343265938855143e-16
procedural,;5.652012215520615e-16
object-oriented,;4.672227264325059e-16
functional,;3.2840486793031375e-16
and;2.5339050564466524e-16
data-driven;4.318087699874864e-16
programming.;0.9999999999302747
As;2.5321028980492744e-16
the;2.1460080052048535e-16
primary;2.2334632935754294e-16
focus;2.4158356066996e-16
on;2.598604775283376e-16
Lua;2.50575341260695e-16
is;2.3715699876500506e-16
for;2.534494076172233e-16
scripting,;5.237392043105941e-16
it;2.2124341518869905e-16
is;2.281641020382619e-16
rarely;4.270541810475633e-16
used;2.3850044011048963e-16
as;1.9024954474237732e-16
a;1.8642521201309757e-16
standalone;4.3458378756827923e-16
programming;2.689030070062319e-16
language.;6.133859021763882e-16
-;2.6359730756995715e-16
As;2.544139317747129e-16
a;2.0551130511370702e-16
popular;3.1660935470703703e-16
component;2.855276967866659e-16
in;2.691110891333416e-16
video;2.2911854357312277e-16
game;2.6073677205733515e-16
and;2.1411629301987188e-16
game;2.2509604380494113e-16
engine;3.116280912082791e-16
development.;6.968839379496019e-11
For;1.991758084040372e-16
example,;3.6226324311919517e-16
Warframe,;1.198342204345385e-15
World;2.199443025921576e-16
of;1.8285834029461387e-16
Warcraft,;5.312287229884183e-16
and;2.4413649487931473e-16
CRYENGINE;7.772843667905057e-16
all;2.4550665437114945e-16
use;3.5741853516828046e-16
Lua.;5.046293771677489e-16
-;2.9688191901625703e-16
As;2.6085401732802483e-16
a;2.2461572010516055e-16
programming;2.4879734430934163e-16
language;4.0853164935677993e-16
in;2.7228862500236583e-16
many;2.8840068151025117e-16
network;4.76706848253371e-16
programs,;4.0169815404902614e-16
like;2.7022911828285813e-16
CISCO;3.8375126655937596e-16
Systems,;5.138110761475859e-16
Nmap,;1.0266171793182765e-15
and;2.147914165126939e-16
ModSecurity.;2.5660589294829888e-15
-;2.3489333081793975e-16
As;2.4440530294711746e-16
a;2.291277550873694e-16
programming;2.2685452347401785e-16
language;2.5875423697928883e-16
in;2.664660918986931e-16
industrial;3.689632345667962e-16
programs;2.562651304573802e-16
such;2.903744590005387e-16
as;2.3035860211659167e-16
Adobe;3.627594560691602e-16
Lightroom;2.779882910251355e-16
and;2.31904051086278e-16
MySQL;4.0049503903868217e-16
Workbench.;8.41842533350941e-16
-;2.2668718801938957e-16
As;2.5579843599443867e-16
a;2.2790684678408675e-16
library;4.528615907712797e-16
that;2.6282310951430113e-16
developers;4.0189495446684313e-16
can;2.479551462657682e-16
integrate;2.653839413437169e-16
with;2.021372270793476e-16
their;2.2269814198375295e-16
programs;2.1215826900610613e-16
to;1.9940175597271192e-16
enable;2.586968468199065e-16
scripting;3.311429655328729e-16
functionality.;4.247925337644327e-16
