text;attention
Given;1.274973392266856e-06
the;5.87256515301415e-19
above;4.2191656186439945e-19
information,;4.98040537264872e-19
I;4.145649562974955e-19
would;4.341238476431139e-19
approach;4.1382566305879214e-19
the;3.8709872201927335e-19
problem;3.8946831410470914e-19
as;3.755914670207019e-19
below:;6.792102309686183e-19
1.;0.9999987250266078
Figure;4.97991655018517e-19
out;5.540795825201704e-19
the;5.214337613910638e-19
conversion;4.658313015516516e-19
rate;4.608411390571405e-19
between;5.126375771728633e-19
the;4.598667996318592e-19
rate;4.757144176893536e-19
of;4.662748198687391e-19
volume;5.717708012745813e-19
of;4.257860325184589e-19
the;4.352665492270127e-19
gas;5.83885651298634e-19
in;3.9870157985364213e-19
m3/h;1.051116486552422e-18
and;4.800589790589857e-19
the;4.403675280173247e-19
energy;5.256005885127668e-19
it;3.6780826271802875e-19
produces;4.548476663871269e-19
in;3.810026929474707e-19
kWh,;7.6136297858491165e-19
2.;7.412659123181643e-19
Using;4.349868211302077e-19
your;4.580603247255787e-19
total;6.0475191551071635e-19
volume;5.124502293166008e-19
of;4.200525522471228e-19
gas;4.3118539385476853e-19
consumed,;5.601162810496975e-19
convert;4.0102177559459274e-19
it;3.6938552856054434e-19
into;4.435046622835047e-19
total;4.685110964932746e-19
energy;4.366465483330491e-19
consumed.;7.715026653072915e-19
3.;6.005462490394612e-19
Add;4.497542172174548e-19
the;4.371042368813661e-19
energy;3.8756594697494986e-19
tariff;8.864931228774106e-19
to;3.9764332330453752e-19
your;4.716716567676919e-19
total;4.115483862673476e-19
energy;3.5951441578886287e-19
consumed;3.904884633517548e-19
in;3.9387642767462647e-19
kWh.;5.304207896417334e-19
4.;4.41074716312692e-19
Convert;4.401339307446304e-19
the;4.0965045332306087e-19
total;3.8719570371995477e-19
energy;3.5860528552688093e-19
consumed;3.4726495989952605e-19
to;3.952088873030214e-19
total;3.8026619758230783e-19
cost;4.1806142399430356e-19
in;3.828511821289608e-19
your;4.248309707006561e-19
local;3.7651332886460115e-19
currency,;4.506599192563913e-19
using;3.8406109686185214e-19
the;3.805492606287053e-19
current;3.8155234742086356e-19
energy;3.597435538566348e-19
price;3.831499972580318e-19
set;3.4738335927953857e-19
by;3.6072611293750637e-19
your;3.4997321855708262e-19
provider.;3.513332536230295e-19
