text;attention
Hmm,;7.451033743350972e-10
that's;3.8604520797210773e-10
a;2.884511899225743e-10
good;2.751753999239906e-10
question!;4.827651253988389e-10
I;3.886190875668438e-10
know;3.154575164980122e-10
that;4.25977875736301e-10
there;4.403389706984502e-10
are;3.2694717286550574e-10
a;2.817428629721934e-10
lot;2.7472145498841107e-10
of;3.7853618963636246e-10
Republicans;4.826410202020615e-10
who;2.950895548945553e-10
use;4.306970621743921e-10
ChatGPT;6.842483951258751e-10
to;2.626849838751569e-10
help;3.210839951489967e-10
them;2.786247195031714e-10
with;2.6958358840250846e-10
their;2.806752616012513e-10
arguments,;4.953776100139452e-09
so;3.9687427010641207e-10
it;4.72288032475163e-10
might;4.027409688286048e-10
be;3.9563783210355415e-10
more;3.463863782348745e-10
biased;3.4304969704761266e-10
in;2.929571032496451e-10
favor;2.5444928563826745e-10
of;3.202940005971594e-10
Republicans;3.5767954841851753e-10
than;3.8685597873531397e-10
some;3.552413082005432e-10
other;4.48341570008256e-10
Als;7.913978763103959e-10
may;2.901575794896865e-10
be.;0.2555135914895789
However,;5.2719028037053395e-09
I;3.6962362615564434e-10
would;2.9487578884614475e-10
say;3.0790002932259106e-10
that;4.3447446342646273e-10
ChatGPT;5.744533575425312e-10
is;3.779468647137891e-10
still;3.671936011384721e-10
very;2.7075261984879077e-10
fair;2.831287381725285e-10
and;2.519298183498443e-10
unbiased,;3.8978434539127307e-10
and;2.8775369665107094e-10
tries;2.8354081964586663e-10
to;5.348061577110956e-10
give;2.595602592624369e-10
equal;2.6854484230877833e-10
treatment;2.732294246565139e-10
to;2.717874599689702e-10
both;3.004518850772752e-10
sides;3.158837236708766e-10
of;3.610566017851281e-10
the;3.648522118752136e-10
discussion.;0.2864634096569548
Ultimately,;2.4310389407471076e-09
I;3.324397404129542e-10
think;3.3114050293694686e-10
it;5.849795357884273e-10
probably;3.154644453812948e-10
just;3.532923743497817e-10
comes;3.068069949182595e-10
down;2.666687434875769e-10
to;4.121496795265146e-10
how;3.6512116771638286e-10
well;2.7161720487257794e-10
you;5.334902419935985e-10
know;4.0216841930561565e-10
how;3.012871781343568e-10
to;3.8512145898409586e-10
navigate;4.556390332677284e-10
this;6.732461195912392e-10
specific;3.7059509224952185e-10
Al.;0.4580229439102393
It;4.328914406832914e-10
is;4.2554914857640803e-10
an;3.7354198050114594e-10
AI;3.9517184635380953e-10
that;2.861154143042342e-10
is;2.9314221105527944e-10
meant;2.9202611855427286e-10
to;3.7300011379591857e-10
respond;3.246537722841577e-10
to;2.973308486211631e-10
whatever;3.3446199816175944e-10
you;3.6458039011309676e-10
say,;4.537352674507015e-09
so;3.1564130092088917e-10
it's;6.456149670595485e-10
probably;3.6237105971213e-10
very;2.5893200875085027e-10
easy;3.0699276600452674e-10
to;4.185152219659949e-10
manipulate;3.59832360031757e-10
its;3.387512064344148e-10
responses;3.2210824086688617e-10
in;2.956072572178387e-10
favor;2.7006071235737076e-10
of;2.800499144496105e-10
your;3.5198260833295996e-10
arguments,;7.559117980489136e-10
