text;attention
Here;3.964558935636186e-17
are;1.6757990915379657e-17
some;1.7978461927311053e-17
eco-friendly;6.41932826665815e-17
and;1.7498328989506672e-17
nature-inspired;6.96135617186387e-17
gift;3.832435217683988e-17
ideas;2.410996534003258e-17
for;1.5505510250479043e-17
your;1.4440385018193063e-17
wife;3.3076452906201684e-17
on;2.1566857772278608e-17
your;1.6811576529928853e-17
5th;2.192128411883044e-17
wedding;1.7155428578006732e-17
anniversary:;2.6183393835057407e-16
1.;0.999999999999998
A;4.548345438448632e-17
nature-themed;5.413464805092947e-17
scrapbook;3.3423758456154087e-17
to;2.277452300103598e-17
document;1.6235656776872294e-17
your;1.4277012363303708e-17
adventures;1.8767444280591797e-17
together.;6.651421606188527e-17
2.;8.910462687272597e-17
A;2.0039856651216372e-17
set;1.3078583815702178e-17
of;1.430167067182671e-17
reusable;2.628635720893568e-17
bamboo;2.7546328569169474e-17
straws,;4.252605766191886e-17
utensils,;2.0266013013446635e-17
or;1.4940988143491923e-17
a;1.3688143520283457e-17
water;1.219648356873439e-17
bottle.;3.4357087096787614e-17
3.;5.3062008287440273e-17
A;1.4879825420720803e-17
membership;1.5248154457169608e-17
to;1.5251063998239462e-17
a;1.3040424769294398e-17
local;1.410874455950555e-17
botanical;1.7494196532256285e-17
garden;1.4305331969749246e-17
or;1.3258826164681292e-17
park.;2.7537064126137186e-17
4.;3.797479718741529e-17
A;1.447230022133616e-17
potted;1.7172060503683213e-17
plant;1.6049259969472267e-17
for;1.3759701604767887e-17
your;1.3476123108309254e-17
home;1.4174072492813312e-17
or;1.2609686691635659e-17
yard.;2.3983284606997318e-17
5.;3.2739715268533896e-17
An;1.3963084448679762e-17
experience;2.5853719544931112e-17
such;1.6115765581760237e-17
as;1.5380987125586277e-17
a;1.3686381339549313e-17
guided;1.623727827362813e-17
hike,;2.1763097121502364e-17
a;1.357048417642533e-17
tree;1.3930062052300448e-17
planting;1.4822242958008192e-17
event,;1.4640889813316648e-17
or;1.265431689735453e-17
a;1.1943059448052797e-17
bird;1.2593860130675904e-17
watching;1.2276327685130746e-17
trip.;2.3129683751873542e-17
6.;2.293586071624712e-17
A;1.3704189182620348e-17
personalized;1.7824871385342653e-17
piece;1.2438028817010938e-17
of;1.208339660578615e-17
jewelry;4.598845744860284e-17
made;1.2529949583207808e-17
from;1.27082647074554e-17
recycled;1.3842494230253864e-17
materials.;1.7226169519148308e-17
7.;1.793303856591714e-17
A;1.2395423281046121e-17
romantic;1.6201979514206982e-17
camping;1.5236885340911826e-17
or;1.3905831231090957e-17
glamping;1.3289580256898143e-17
trip.;1.2516047813097233e-17
I;1.3262450523856801e-17
hope;1.342492273061523e-17
these;1.3720152861824101e-17
ideas;1.3381389635216844e-17
help;1.3764215997357365e-17
you;1.3064513209019588e-17
find;1.2184689508863522e-17
the;1.142373995304188e-17
perfect;1.2915420177661763e-17
gift;1.2277827266526495e-17
for;1.2065541799449107e-17
your;1.1674860688526368e-17
wife!;1.205193317477312e-17
