;number;text;x1;y1;x2;y2;y;diff_y;line;fixations;fix_distance;fix_duration;first_fix_duration;fix_number;pupil_l;pupil_r;distance;pupil;fix_duration_avg
0;0;This;207;293;243;313;303.0;;1;[];[];0.0;0.0;0;;;523.4738349626793;;
1;1;is;251;294;263;313;303.5;0.5;1;[];[];0.0;0.0;0;;;507.86249309289855;;
2;2;an;271;298;291;313;305.5;2.0;1;[5515.0];[19.943359999999984];0.5984;0.5984;1;13.4583;15.439;486.5465551111573;14.45;0.5984
3;3;example;300;293;375;318;305.5;0.0;1;[];[];0.0;0.0;0;;;423.4944796458797;;
4;4;of;383;293;400;313;303.0;2.5;1;[];[];0.0;0.0;0;;;411.2719118667532;;
5;5;Appeal;406;293;465;318;305.5;2.5;1;[5516.0, 5518.0, 5519.0, 5520.0];[7.754560000000026, 0.0, 0.0, 0.0];1.4878;0.4365;4;17.0521;18.4892;370.07448748938964;17.77;0.3719
6;6;to;474;295;490;313;304.0;1.5;1;[5517.0];[0.0];0.3721;0.3721;1;16.7781;18.5;362.2873686599278;17.64;0.3721
7;7;Ignorance,;499;294;593;318;306.0;2.0;1;[];[];0.0;0.0;0;;;323.36920801234993;;
8;8;which;602;293;652;313;303.0;3.0;1;[5521.0];[39.46237421860982];0.2913;0.2913;1;18.7856;20.0045;322.28827327492763;19.4;0.2913
9;9;is;661;294;673;313;303.5;0.5;1;[];[];0.0;0.0;0;;;322.3158176238554;;
10;10;a;681;298;689;313;305.5;2.0;1;[];[];0.0;0.0;0;;;323.2753351100798;;
11;11;logical;699;293;753;318;305.5;0.0;1;[5522.0, 5523.0, 5524.0];[58.62688, 44.792640000000006, 46.59487999999999];0.8574;0.3396;3;16.5667;18.4953;320.2354781883707;17.53;0.2858
12;12;fallacy;761;293;818;318;305.5;0.0;1;[];[];0.0;0.0;0;;;334.34574184597363;;
13;13;in;826;294;840;312;303.0;2.5;1;[];[];0.0;0.0;0;;;365.47029500430597;;
14;14;which;848;293;898;313;303.0;0.0;1;[5525.0];[28.63391999999999];0.6631;0.6631;1;15.6319;18.6103;375.3776763348274;17.12;0.6631
15;15;one;906;298;938;313;305.5;2.5;1;[5526.0];[27.2191705506542];0.5498;0.5498;1;16.955;19.258;408.16763993552263;18.11;0.5498
16;16;assumes;946;298;1022;313;305.5;0.0;1;[5527.0];[0.0];0.2263;0.2263;1;14.6939;17.0041;433.8660326535536;15.85;0.2263
17;17;that;1030;293;1065;313;303.0;2.5;1;[];[];0.0;0.0;0;;;494.0621919258085;;
18;18;because;222;398;293;418;408.0;105.0;2;[5528.0];[3.0483199999999897];0.3889;0.3889;1;16.2728;17.309;422.6369372056049;16.79;0.3889
19;19;something;301;398;393;422;410.0;2.0;2;[5529.0, 5530.0];[3.6175999999999817, 9.07456000000002];0.7598;0.3718;2;15.3492;16.7042;338.22641489176215;16.03;0.3799
20;20;is;403;399;415;418;408.5;1.5;2;[];[];0.0;0.0;0;;;324.11828441254966;;
21;21;not;424;400;451;418;409.0;0.5;2;[5531.0, 5532.0];[15.600639999999999, 11.832319999999982];0.8252;0.4048;2;16.6296;17.7548;298.3817740588966;17.19;0.4126
22;22;proven;459;403;519;422;412.5;3.5;2;[];[];0.0;0.0;0;;;253.21864175161832;;
23;23;false,;527;398;574;422;410.0;2.5;2;[5533.0];[8.40895999999998];0.5501;0.5501;1;16.7586;17.5987;228.31597519782628;17.18;0.5501
24;24;it;583;399;593;418;408.5;1.5;2;[5534.0];[32.04544963431782];0.5662;0.5662;1;17.3975;17.5138;226.08365861011364;17.46;0.5662
25;25;is;602;403;614;418;410.5;2.0;2;[];[];0.0;0.0;0;;;221.19956937239823;;
26;26;therefore;621;398;703;418;408.0;2.5;2;[];[];0.0;0.0;0;;;217.26912000000004;;
27;27;proven;712;403;771;422;412.5;4.5;2;[5535.0, 5536.0];[47.761990700489, 12.702400000000011];0.7761;0.3071;2;13.2599;16.0044;220.622825044315;14.63;0.3881
28;28;true.;780;400;820;418;409.0;3.5;2;[];[];0.0;0.0;0;;;250.40514030373743;;
29;29;This;829;398;865;418;408.0;1.0;2;[];[];0.0;0.0;0;;;278.0348925774145;;
30;30;is;873;399;885;418;408.5;0.5;2;[5537.0, 5538.0];[10.330559999999991, 26.26400000000001];0.8894;0.3882;2;15.2675;16.5446;307.4186147430477;15.91;0.4447
31;31;incorrect;894;399;971;418;408.5;0.0;2;[5539.0];[0.0];0.2424;0.2424;1;14.0136;15.2852;322.61685245897246;14.65;0.2424
32;32;because;979;398;1050;418;408.0;0.5;2;[];[];0.0;0.0;0;;;389.67848476729426;;
33;33;absence;218;503;290;522;512.5;104.5;3;[5540.0];[0.0];0.5986;0.5986;1;16.6751;17.4688;382.66184201006297;17.07;0.5986
34;34;of;298;503;315;522;512.5;0.0;3;[];[];0.0;0.0;0;;;358.8584753500109;;
35;35;evidence;321;503;399;522;512.5;0.0;3;[5541.0];[2.294719999999984];0.4204;0.4204;1;17.3979;17.5848;280.4088453143631;17.49;0.4204
36;36;is;408;504;420;522;513.0;0.5;3;[];[];0.0;0.0;0;;;261.3360850141718;;
37;37;not;429;504;456;522;513.0;0.0;3;[5542.0];[13.90336000000002];0.4048;0.4048;1;16.2244;15.9134;229.4244322877021;16.07;0.4048
38;38;evidence;464;503;542;522;512.5;0.5;3;[5543.0];[4.025280000000009];0.9377;0.9377;1;15.8992;15.9932;160.35969234983713;15.95;0.9377
39;39;of;550;503;567;522;512.5;0.0;3;[];[];0.0;0.0;0;;;143.7516988787764;;
40;40;absence.;573;503;650;522;512.5;0.0;3;[5544.0];[32.73824000000002];0.2263;0.2263;1;17.2256;18.8907;113.4032333336859;18.06;0.2263
41;41;Just;659;504;695;522;513.0;0.5;3;[5545.0];[23.47775999999999];0.8897;0.8897;1;16.5566;17.0237;113.32276263193732;16.79;0.8897
42;42;because;703;503;774;522;512.5;0.5;3;[5546.0];[35.07150922430342];0.3396;0.3396;1;16.8178;17.7395;122.82040437376197;17.28;0.3396
43;43;someone;782;508;862;522;515.0;2.5;3;[];[];0.0;0.0;0;;;169.79017324490368;;
44;44;is;870;504;882;522;513.0;2.0;3;[5547.0, 5549.0];[13.511807092998339, 19.822080000000028];0.4846;0.4036;2;15.5723;15.818;242.55784739013168;15.7;0.2423
45;45;personally;891;503;981;527;515.0;2.0;3;[5548.0];[7.660480000000007];0.3071;0.3071;1;15.1983;17.674;259.18342333284824;16.44;0.3071
46;46;healthy;990;503;1054;527;515.0;0.0;3;[];[];0.0;0.0;0;;;351.57268683806257;;
47;47;does;210;608;250;627;617.5;102.5;4;[5550.0];[3.4144000000000005];0.4854;0.4854;1;17.5542;18.7285;405.59790202925655;18.14;0.4854
48;48;not;259;609;286;627;618.0;0.5;4;[];[];0.0;0.0;0;;;369.60611322127016;;
49;49;prove;295;613;344;632;622.5;4.5;4;[];[];0.0;0.0;0;;;311.5307531055873;;
50;50;that;351;608;386;627;617.5;5.0;4;[5551.0];[8.842560000000049];0.3071;0.3071;1;16.6532;18.83;269.6404252528437;17.74;0.3071
51;51;vaccines;394;608;469;627;617.5;0.0;4;[5552.0];[0.0];0.4211;0.4211;1;15.9651;19.1964;186.69681660525012;17.58;0.4211
52;52;are;477;613;504;627;620.0;2.5;4;[5553.0];[5.901119999999992];0.7605;0.7605;1;16.7785;19.0162;151.73908306871502;17.9;0.7605
53;53;unnecessary,;513;613;628;632;622.5;2.5;4;[5554.0];[17.00127999999995];0.3074;0.3074;1;18.0488;19.5232;27.707135011299886;18.79;0.3074
54;54;as;637;613;656;627;620.0;2.5;4;[];[];0.0;0.0;0;;;8.269120000000044;;
55;55;there;663;608;709;627;617.5;2.5;4;[5555.0, 5556.0];[37.484235077184145, 29.143040000000042];0.4851;0.113;2;16.2184;19.2526;11.154574421931155;17.74;0.2426
56;56;are;717;613;745;627;620.0;2.5;4;[];[];0.0;0.0;0;;;62.039952696100606;;
57;57;many;753;613;801;632;622.5;2.5;4;[5557.0];[26.248000000000047];0.4209;0.4209;1;16.9967;18.4345;97.54119811922756;17.72;0.4209
58;58;other;809;608;856;627;617.5;5.0;4;[];[];0.0;0.0;0;;;153.7089891012702;;
59;59;factors;863;608;923;627;617.5;0.0;4;[5558.0];[11.816959999999995];0.5498;0.5498;1;16.0785;18.0115;207.65111251937563;17.05;0.5498
60;60;that;931;608;966;627;617.5;0.0;4;[];[];0.0;0.0;0;;;275.6104768156218;;
61;61;contribute;973;608;1063;627;617.5;0.0;4;[5559.0];[0.8806399999999712];0.4526;0.4526;1;14.5816;16.731;317.5940687899168;15.66;0.4526
62;62;to;547;714;564;732;723.0;105.5;5;[];[];0.0;0.0;0;;;120.71988423840702;;
63;63;a;572;717;580;732;724.5;1.5;5;[];[];0.0;0.0;0;;;111.27551631214475;;
64;64;person's;590;713;663;737;725.0;0.5;5;[5560.0, 5561.0];[18.400319999999965, 77.73087999999996];0.6794;0.4529;2;15.2487;17.9628;77.73087999999996;16.61;0.3397
65;65;health.;672;713;731;732;722.5;2.5;5;[];[];0.0;0.0;0;;;79.45999679420075;;
