;number;text;x1;y1;x2;y2;fixations;fix_duration;first_fix_duration;fix_number;pupil_l;pupil_r;y;diff_y;line;distance;pupil;fix_duration_avg;fix_distance
0;0;Al;212;399;230;417;[];0.0;0.0;0;;;408.0;;1;408.54234652742866;;;[]
1;1;assistants;239;399;326;418;[1391.0];0.372;0.372;1;15.1338;14.4416;408.5;0.5;1;319.7581154969137;14.79;0.372;[1.0326400000000149]
2;2;have;335;398;376;418;[];0.0;0.0;0;;;408.0;0.5;1;275.7064606173341;;;[]
3;3;well;384;398;416;418;[1392.0];0.3394;0.3394;1;15.5537;15.4985;408.0;0.0;1;242.13445113435964;15.53;0.3394;[26.124160000000018]
4;4;known;426;398;482;418;[];0.0;0.0;0;;;408.0;0.0;1;192.1975765355474;;;[]
5;5;limited;491;398;550;418;[1393.0];0.2914;0.2914;1;16.0511;15.005;408.0;0.0;1;153.96582876124685;15.53;0.2914;[25.704319999999996]
6;6;capabilities;559;398;657;422;[1410.0];1.1483;1.1483;1;17.6131;17.6188;410.0;2.0;1;136.34623999999997;17.62;1.1483;[0.0]
7;7;and;665;398;696;418;[];0.0;0.0;0;;;408.0;2.0;1;149.56174787069583;;;[]
8;8;knowledge.;706;398;805;422;[1394.0, 1395.0];0.5658;0.2263;2;16.9558;16.2969;410.0;2.0;1;164.86771213957445;16.63;0.2829;[19.723337560321767, 34.95103999999998]
9;9;You;814;399;846;418;[];0.0;0.0;0;;;408.5;1.5;1;244.8933245846803;;;[]
10;10;should;854;398;911;418;[];0.0;0.0;0;;;408.0;0.5;1;278.6176240407946;;;[]
11;11;report;921;400;974;422;[1396.0, 1397.0];0.5663;0.2913;2;16.3737;16.01;411.0;3.0;1;336.5445030098361;16.19;0.2831;[45.265919999999994, 6.671359999999993]
12;12;the;981;398;1009;418;[];0.0;0.0;0;;;408.0;3.0;1;393.56261563585736;;;[]
13;13;issue;1018;399;1061;418;[];0.0;0.0;0;;;408.5;0.5;1;428.33333331196343;;;[]
14;14;to;206;504;222;522;[];0.0;0.0;0;;;513.0;104.5;2;392.99634922749294;;;[]
15;15;the;230;503;258;522;[];0.0;0.0;0;;;512.5;0.5;2;357.1661609197288;;;[]
16;16;developers;266;503;363;527;[1398.0];0.3396;0.3396;1;17.0818;15.9074;515.0;2.5;2;252.26708882876022;16.49;0.3396;[3.9638400000000047]
17;17;and;371;503;401;522;[];0.0;0.0;0;;;512.5;2.5;2;215.400637199934;;;[]
18;18;try;410;504;434;527;[];0.0;0.0;0;;;515.5;3.0;2;182.03126134303855;;;[]
19;19;simply;442;503;499;527;[1399.0];0.3558;0.3558;1;17.0566;16.3146;515.0;0.5;2;118.5319370724093;16.69;0.3558;[11.828160000000025]
20;20;reading;508;503;573;527;[1400.0];0.34;0.34;1;16.777;16.3402;515.0;0.0;2;51.0650967504968;16.56;0.34;[7.721920000000011]
21;21;the;581;503;609;522;[];0.0;0.0;0;;;512.5;2.5;2;36.60112711567224;;;[]
22;22;docs;617;503;656;522;[1411.0];0.1296;0.1296;1;14.9023;9.8029;512.5;0.0;2;36.53286884625402;12.35;0.1296;[36.53286884625402]
23;23;on;664;508;684;522;[];0.0;0.0;0;;;515.0;2.5;2;62.3724498968703;;;[]
24;24;that;693;503;728;522;[1401.0];0.4045;0.4045;1;16.005;15.9672;512.5;2.5;2;87.58553822485534;15.99;0.4045;[12.196799999999996]
25;25;library,;736;503;797;527;[];0.0;0.0;0;;;515.0;2.5;2;126.62911239575833;;;[]
26;26;since;806;504;850;522;[];0.0;0.0;0;;;513.0;2.0;2;196.08598753133177;;;[]
27;27;if;859;503;869;522;[];0.0;0.0;0;;;512.5;0.5;2;248.3619183895502;;;[]
28;28;the;876;503;903;522;[1402.0];0.6148;0.6148;1;16.3768;15.5836;512.5;0.0;2;265.1905626264585;15.98;0.6148;[5.366719999999987]
29;29;docs;911;503;951;522;[1404.0];0.2264;0.2264;1;16.2763;12.3928;512.5;0.0;2;299.8986403872775;14.33;0.2264;[2.4313600000000406]
30;30;aren't;959;503;1010;522;[1403.0];0.4691;0.4691;1;15.4201;14.3221;512.5;0.0;2;347.5935018180541;14.87;0.4691;[11.541440000000023]
31;31;in;1018;504;1031;522;[];0.0;0.0;0;;;513.0;0.5;2;406.3169040369076;;;[]
32;32;the;1040;503;1067;522;[];0.0;0.0;0;;;512.5;0.5;2;428.2332291008459;;;[]
33;33;Al's;414;608;447;627;[];0.0;0.0;0;;;617.5;105.0;3;173.5660601216079;;;[]
34;34;knowledge;456;608;550;632;[1405.0];0.3557;0.3557;1;17.3705;16.1709;620.0;2.5;3;80.46058181580348;16.77;0.3557;[37.908480000000054]
35;35;base,;559;608;604;632;[1406.0];0.4204;0.4204;1;15.2285;15.1577;620.0;0.0;3;50.519394554345205;15.19;0.4204;[42.75199999999995]
36;36;it;614;608;624;627;[];0.0;0.0;0;;;617.5;2.5;3;49.65852621793768;;;[]
37;37;won't;631;608;679;627;[1409.0];0.4526;0.4526;1;16.0461;13.8427;617.5;0.0;3;52.71016245599707;14.94;0.4526;[7.0963199999999915]
38;38;be;687;608;707;627;[1407.0];0.3882;0.3882;1;15.8875;15.6623;617.5;0.0;3;88.85616031619644;15.77;0.3882;[29.62432000000001]
39;39;able;715;608;751;627;[];0.0;0.0;0;;;617.5;0.0;3;113.16335637536385;;;[]
40;40;to;759;609;775;627;[];0.0;0.0;0;;;618.0;0.5;3;154.24265540419614;;;[]
41;41;help;784;608;820;632;[1408.0];0.1453;0.1453;1;14.7762;14.4722;620.0;2.0;3;177.7635767702079;14.62;0.1453;[14.16192000000001]
42;42;you.;828;613;864;632;[];0.0;0.0;0;;;622.5;2.5;3;221.53548434988377;;;[]
