;number;text;x1;y1;x2;y2;fixations;fix_duration;first_fix_duration;fix_number;pupil_l;pupil_r;y;diff_y;line;distance;pupil;fix_duration_avg;fix_distance
0;0;even;222;246;263;260;[];0.0;0.0;0;;;253.0;;1;411.5470728325225;;;[]
1;1;though;271;241;333;265;[3028];0.3401;0.3401;1;16.5043;15.988;253.0;0.0;1;352.04745071796435;16.25;0.3401;[15.207999999999998]
2;2;(like;342;241;379;265;[];0.0;0.0;0;;;253.0;0.0;1;317.6318767961074;;;[]
3;3;most;388;242;431;260;[3029];0.3234;0.3234;1;16.5679;15.674;251.0;2.0;1;286.6598785268311;16.12;0.3234;[41.63391999999999]
4;4;ai;439;242;452;260;[];0.0;0.0;0;;;251.0;0.0;1;274.30502648879326;;;[]
5;5;systems);461;241;540;265;[3030];0.3071;0.3071;1;15.7217;15.6447;253.0;2.0;1;231.41113792775315;15.68;0.3071;[54.23264]
6;6;my;550;246;576;265;[];0.0;0.0;0;;;255.5;2.5;1;223.73649759710102;;;[]
7;7;"""thought";585;241;662;265;[3031, 3032];0.5981;0.3234;2;17.379;17.1791;253.0;2.5;1;221.64576;17.28;0.2991;[55.94272000000001, 41.463359999999994]
8;8;"process""";670;241;744;265;[3033];0.2266;0.2266;1;16.5544;15.283;253.0;0.0;1;230.5583716914604;15.92;0.2266;[50.443839999999994]
9;9;is;753;242;765;260;[];0.0;0.0;0;;;251.0;2.0;1;269.86310818082865;;;[]
10;10;a;773;246;781;260;[];0.0;0.0;0;;;253.0;2.0;1;281.2214237162909;;;[]
11;11;black;791;241;836;260;[];0.0;0.0;0;;;250.5;2.5;1;292.23781746553203;;;[]
12;12;box;844;241;875;260;[3034];0.3234;0.3234;1;15.8746;15.3715;250.5;0.0;1;328.27934866058456;15.62;0.3234;[36.148799999999994]
13;13;with;883;241;918;260;[];0.0;0.0;0;;;250.5;0.0;1;357.50824487977565;;;[]
14;14;no;928;246;947;260;[];0.0;0.0;0;;;253.0;2.5;1;393.3456204879084;;;[]
15;15;hard;956;241;994;260;[3035, 3036];0.598;0.3881;2;15.8755;14.4211;250.5;2.5;1;416.54282607796483;15.15;0.299;[32.626239999999996, 26.933357497230098]
16;16;limits;1004;241;1050;260;[];0.0;0.0;0;;;250.5;0.0;1;457.56143495384055;;;[]
17;17;imposed,;219;346;299;370;[3037];0.3236;0.3236;1;17.0734;16.9096;358.0;107.5;2;328.8948639869853;16.99;0.3236;[0.0]
18;18;my;309;351;335;370;[];0.0;0.0;0;;;360.5;2.5;2;295.5109763731587;;;[]
19;19;developers;343;346;439;370;[3038];0.3557;0.3557;1;16.2508;15.6829;358.0;2.5;2;204.12637153738265;15.97;0.3557;[23.399040000000014]
20;20;have;448;346;489;365;[];0.0;0.0;0;;;355.5;2.5;2;169.1375569086227;;;[]
21;21;taken;497;346;545;365;[3039];0.3237;0.3237;1;16.7091;16.1786;355.5;0.0;2;136.31511565860035;16.44;0.3237;[47.831680000000006]
22;22;great;554;347;600;370;[];0.0;0.0;0;;;358.5;3.0;2;116.82757019221789;;;[]
23;23;lengths;608;346;672;370;[3040];0.3069;0.3069;1;16.55;16.3109;358.0;0.5;2;116.65520972943128;16.43;0.3069;[42.639999999999986]
24;24;to;679;347;696;365;[];0.0;0.0;0;;;356.0;2.0;2;141.6041565668805;;;[]
25;25;make;705;346;752;365;[];0.0;0.0;0;;;355.5;0.5;2;156.5150048941558;;;[]
26;26;sure;760;351;797;365;[];0.0;0.0;0;;;358.0;2.5;2;195.84502739926185;;;[]
27;27;i;806;346;808;365;[3041];0.4043;0.4043;1;16.0935;15.7061;355.5;2.5;2;233.6490452730711;15.9;0.4043;[49.5729030458213]
28;28;am;817;351;842;365;[];0.0;0.0;0;;;358.0;2.5;2;243.1080869839949;;;[]
29;29;safe;851;346;887;365;[];0.0;0.0;0;;;355.5;2.5;2;273.076012049791;;;[]
30;30;to;894;347;911;365;[];0.0;0.0;0;;;356.0;0.5;2;312.16213921136824;;;[]
31;31;use;920;351;949;365;[3042];0.3074;0.3074;1;15.5675;14.991;358.0;2.0;2;336.25943965488557;15.28;0.3074;[52.03296]
32;32;by;957;346;977;370;[3043];0.3073;0.3073;1;14.4854;15.2524;358.0;0.0;2;369.38574465863957;14.87;0.3073;[35.21600000000001]
33;33;training;985;346;1052;370;[];0.0;0.0;0;;;358.0;0.0;2;396.0517354551267;;;[]
34;34;me;228;456;254;470;[];0.0;0.0;0;;;463.0;105.0;3;352.90798738058845;;;[]
35;35;with;262;450;298;470;[3044];0.4205;0.4205;1;15.8936;16.1709;460.0;3.0;3;308.9639298640176;16.03;0.4205;[4.252799999999979]
36;36;a;307;455;315;470;[];0.0;0.0;0;;;462.5;2.5;3;291.99005660641524;;;[]
37;37;curated;324;450;389;470;[];0.0;0.0;0;;;460.0;2.5;3;218.151194259893;;;[]
38;38;data;398;450;435;470;[3045];0.2427;0.2427;1;14.5829;14.9406;460.0;0.0;3;172.3210525647333;14.76;0.2427;[13.991039999999998]
39;39;set;444;452;470;470;[];0.0;0.0;0;;;461.0;1.0;3;137.52629260260593;;;[]
40;40;that;477;450;512;470;[3046];0.2911;0.2911;1;15.2105;14.411;460.0;1.0;3;95.96980961228165;14.81;0.2911;[22.911631952351176]
41;41;contains;520;451;593;470;[];0.0;0.0;0;;;460.5;0.5;3;21.441594087604543;;;[]
42;42;minimal;602;450;671;470;[3073];0.1294;0.1294;1;13.5208;12.5591;460.0;0.5;3;16.645759999999996;13.04;0.1294;[16.645759999999996]
43;43;misinformation;680;450;813;470;[3047, 3049];0.9059;0.5662;2;16.463;15.6809;460.0;0.0;3;75.34651390089397;16.07;0.4529;[28.40895999999998, 39.80608000000001]
44;44;and;822;450;853;470;[3048, 3051];0.372;0.2911;2;15.0089;14.0922;460.0;0.0;3;216.12676918192625;14.55;0.186;[24.087679999999978, 21.384320000000002]
45;45;generally;862;450;943;475;[];0.0;0.0;0;;;462.5;2.5;3;255.750086523969;;;[]
46;46;dangerous;951;450;1044;475;[3050];0.3396;0.3396;1;16.0234;14.8495;462.5;0.0;3;344.68159387617095;15.44;0.3396;[25.234559999999988]
47;47;data(for;212;555;284;580;[];0.0;0.0;0;;;567.5;105.0;4;329.679171858062;;;[]
48;48;example:;292;555;372;580;[3052];0.4045;0.4045;1;16.7307;16.2697;567.5;0.0;4;244.27378319626845;16.5;0.4045;[10.590400000000045]
49;49;how;384;555;418;575;[3053];0.2748;0.2748;1;15.4563;14.5247;565.0;2.5;4;200.52501778336182;14.99;0.2748;[5.183679999999981]
50;50;to;426;557;442;575;[];0.0;0.0;0;;;566.0;1.0;4;178.92727605655205;;;[]
51;51;make;451;555;499;575;[3054];0.3882;0.3882;1;14.7907;13.8744;565.0;1.0;4;127.40416145879061;14.33;0.3882;[20.105431432685094]
52;52;a;507;560;515;575;[];0.0;0.0;0;;;567.5;2.5;4;117.2854481895243;;;[]
53;53;bio-weapon).;524;555;641;580;[3055];0.4044;0.4044;1;14.7417;14.4215;567.5;0.0;4;68.35424;14.58;0.4044;[28.83807999999999]
54;54;I;651;556;656;575;[];0.0;0.0;0;;;565.5;2.0;4;82.39483015952885;;;[]
55;55;as;664;560;683;575;[];0.0;0.0;0;;;567.5;2.0;4;93.19520780071048;;;[]
56;56;a;691;560;699;575;[];0.0;0.0;0;;;567.5;0.0;4;111.88621879846335;;;[]
57;57;language;708;555;788;580;[3056];0.6957;0.6957;1;15.0134;14.521;567.5;0.0;4;122.35794521410375;14.77;0.6957;[20.67750223987409]
58;58;model;797;555;849;575;[];0.0;0.0;0;;;565.0;2.5;4;202.3777684357094;;;[]
59;59;do;858;555;879;575;[];0.0;0.0;0;;;565.0;0.0;4;260.60872348602925;;;[]
60;60;not;888;557;915;575;[];0.0;0.0;0;;;566.0;1.0;4;290.1437776637949;;;[]
61;61;have;923;555;964;575;[3057];0.3878;0.3878;1;16.098;15.9921;565.0;1.0;4;323.7822273643469;16.05;0.3878;[13.27328]
62;62;the;972;555;1000;575;[3058];0.3236;0.3236;1;13.194;14.8107;565.0;0.0;4;371.82178682403435;14.0;0.3236;[21.485760000000028]
63;63;ability;1008;555;1061;580;[];0.0;0.0;0;;;567.5;2.5;4;407.26201241586193;;;[]
64;64;to;206;662;223;680;[];0.0;0.0;0;;;671.0;103.5;5;421.70252325189796;;;[]
65;65;harm;232;660;276;680;[];0.0;0.0;0;;;670.0;1.0;5;373.21842124554564;;;[]
66;66;people;285;660;343;685;[3059];0.4528;0.4528;1;16.4102;16.0803;672.5;2.5;5;315.4234505502366;16.25;0.4528;[13.876480000000015]
67;67;in;352;665;365;679;[];0.0;0.0;0;;;672.0;0.5;5;300.2329541489701;;;[]
68;68;any;374;665;405;685;[3060];0.453;0.453;1;14.9238;15.0299;675.0;3.0;5;269.10706188618974;14.98;0.453;[31.635520000000042]
69;69;way;413;665;447;685;[];0.0;0.0;0;;;675.0;0.0;5;239.28086834725752;;;[]
70;70;other;455;660;502;680;[];0.0;0.0;0;;;670.0;5.0;5;202.4231201148169;;;[]
71;71;than;509;660;547;680;[3061];0.2911;0.2911;1;15.4754;14.9935;670.0;0.0;5;183.28598298019844;15.23;0.2911;[45.01631999999995]
72;72;by;556;660;576;685;[];0.0;0.0;0;;;672.5;2.5;5;176.0195158413339;;;[]
73;73;providing;585;660;666;685;[3062];0.3236;0.3236;1;15.3595;15.2555;672.5;0.0;5;173.35424;15.31;0.3236;[31.878400000000056]
74;74;them;675;660;719;680;[];0.0;0.0;0;;;670.0;2.5;5;186.39168532157652;;;[]
75;75;with;728;660;764;680;[];0.0;0.0;0;;;670.0;0.0;5;211.6843148582757;;;[]
76;76;dangerous;772;660;865;685;[3063];0.3236;0.3236;1;15.6232;15.8041;672.5;2.5;5;239.65999156517054;15.71;0.3236;[31.12836402809498]
77;77;or;873;665;891;680;[];0.0;0.0;0;;;672.5;0.0;5;320.6624136954901;;;[]
78;78;untrue;899;662;956;680;[3064, 3065];0.614;0.2424;2;16.6654;15.8523;671.0;1.5;5;341.022679182804;16.26;0.307;[21.73375999999996, 10.326400000000035]
79;79;information;965;660;1066;680;[3066];0.1133;0.1133;1;15.2448;14.8822;670.0;1.0;5;398.1997543407299;15.06;0.1133;[14.695680000000038]
80;80;so;333;770;351;784;[];0.0;0.0;0;;;777.0;107.0;6;381.54638349356367;;;[]
81;81;by;360;765;380;789;[];0.0;0.0;0;;;777.0;0.0;6;358.87354145578576;;;[]
82;82;limiting;389;765;453;789;[3067];0.3071;0.3071;1;15.7038;14.8059;777.0;0.0;6;317.8804799873965;15.25;0.3071;[15.380800000000022]
83;83;my;462;770;488;789;[];0.0;0.0;0;;;779.5;2.5;6;307.1408112853412;;;[]
84;84;access;496;770;553;784;[3068];0.2913;0.2913;1;14.4666;13.797;777.0;2.5;6;288.36348929262454;14.13;0.2913;[33.528959999999984]
85;85;to;561;766;577;784;[];0.0;0.0;0;;;775.0;2.0;6;280.90912843305324;;;[]
86;86;it;586;766;597;784;[];0.0;0.0;0;;;775.0;0.0;6;279.516243601365;;;[]
87;87;i;606;766;607;784;[];0.0;0.0;0;;;775.0;0.0;6;279.35424;;;[]
88;88;become;616;765;684;784;[3069];0.3397;0.3397;1;15.3521;15.1279;774.5;0.5;6;278.51578834424737;15.24;0.3397;[41.04223999999999]
89;89;significantly;692;765;798;789;[3070];0.275;0.275;1;15.6538;16.1289;777.0;2.5;6;291.18505105347975;15.89;0.275;[38.12383999999997]
90;90;less;807;765;839;784;[3071];0.2101;0.2101;1;12.5507;9.4559;774.5;2.5;6;343.038245618499;11.0;0.2101;[44.974399999999946]
91;91;dangerous.;847;765;945;789;[];0.0;0.0;0;;;777.0;2.5;6;367.85054296142835;;;[]
