;number;text;x1;y1;x2;y2;fixations;fix_duration;first_fix_duration;fix_number;pupil_l;pupil_r;y;diff_y;line;distance;pupil;fix_duration_avg;fix_distance
0;0;5.;222;137;236;156;[];0.0;0.0;0;;;146.5;;1;703.3612845574438;;;[]
1;1;a;245;141;254;156;[];0.0;0.0;0;;;148.5;2.0;1;694.5506903130236;;;[]
2;2;tome;262;138;307;156;[3713.0];0.4529;0.4529;1;12.5246;12.0764;147.0;1.5;1;670.744811544821;12.3;0.4529;[10.113279999999975]
3;3;that;315;136;350;156;[3722.0];0.4363;0.4363;1;14.454;14.3755;146.0;1.0;1;653.9548967736976;14.41;0.4363;[34.51519999999999]
4;4;can;357;141;386;156;[];0.0;0.0;0;;;148.5;2.5;1;641.7788845188796;;;[]
5;5;mark;396;136;440;156;[3717.0, 3723.0];0.5498;0.3231;2;13.0244;13.2961;146.0;2.5;1;626.9568015535818;13.16;0.2749;[4.499199999999973, 31.719679999999983]
6;6;learned;449;136;513;156;[3724.0];0.2425;0.2425;1;12.1026;11.5202;146.0;0.0;1;613.9412380792623;11.81;0.2425;[22.042879999999997]
7;7;spells,;522;136;576;161;[3725.0];0.3073;0.3073;1;14.141;13.6713;148.5;2.5;1;604.5525768816948;13.91;0.3073;[0.0]
8;8;allowing;585;136;657;161;[3726.0];0.2103;0.2103;1;12.1758;12.1913;148.5;0.0;1;604.4502399999999;12.18;0.2103;[6.0963199999999915]
9;9;you;666;141;696;161;[];0.0;0.0;0;;;151.0;2.5;1;609.5749684938658;;;[]
10;10;to;705;138;721;156;[];0.0;0.0;0;;;147.0;4.0;1;620.7451449784344;;;[]
11;11;keep;730;136;771;161;[3727.0];0.3074;0.3074;1;14.0162;13.7665;148.5;1.5;1;621.1069735675952;13.89;0.3074;[35.82387054340165]
12;12;your;779;141;819;161;[];0.0;0.0;0;;;151.0;2.5;1;634.1741078081772;;;[]
13;13;spell;826;136;865;161;[3728.0];0.2266;0.2266;1;12.512;12.4061;148.5;2.5;1;649.9401651031404;12.46;0.2266;[6.813119999999998]
14;14;knowledge;875;136;969;161;[3729.0, 3730.0, 3731.0];0.7604;0.2103;3;13.5396;13.677;148.5;0.0;1;669.502161769697;13.61;0.2535;[1.1811199999999928, 4.200960000000009, 21.363200000000006]
15;15;between;977;136;1051;156;[];0.0;0.0;0;;;146.0;2.5;1;723.4870518636097;;;[]
16;16;loops.;233;241;283;265;[3714.0, 3715.0];0.4364;0.291;2;9.2798;10.3315;253.0;107.0;2;585.6119564133724;9.81;0.2182;[27.843520000000012, 12.98057927977021]
17;17;6.;293;241;307;260;[];0.0;0.0;0;;;250.5;2.5;2;577.8831649168346;;;[]
18;18;a;317;246;325;260;[];0.0;0.0;0;;;253.0;2.5;2;569.3755501374269;;;[]
19;19;pouch;335;241;386;265;[3718.0, 3719.0, 3720.0, 3734.0];1.1813;0.2266;4;12.4918;12.5556;253.0;0.0;2;539.3523748851927;12.52;0.2953;[21.18816000000001, 74.12896, 34.37728000000001, 29.70381962735431]
20;20;that;394;241;429;260;[3716.0, 3721.0];0.5173;0.3074;2;13.5961;13.4662;250.5;2.5;2;529.6063552246115;13.53;0.2587;[68.63008000000002, 32.626239999999996]
21;21;can;437;246;466;260;[];0.0;0.0;0;;;253.0;2.5;2;519.7603050390608;;;[]
22;22;mark;475;241;520;260;[3735.0, 3736.0];0.5336;0.3071;2;12.8563;12.7621;250.5;2.5;2;509.8877024348572;12.81;0.2668;[52.31999999999999, 21.70240000000001]
23;23;acquired;528;241;602;265;[3737.0];0.275;0.275;1;14.4277;13.872;253.0;2.5;2;500.4502399999999;14.15;0.275;[23.97344000000001]
24;24;items,;612;242;665;265;[];0.0;0.0;0;;;253.5;0.5;2;501.06815693505956;;;[]
25;25;allowing;674;241;745;265;[3738.0];0.4039;0.4039;1;13.1133;13.2464;253.0;0.5;2;507.93505598087785;13.18;0.4039;[16.791566794602574]
26;26;you;754;246;785;265;[];0.0;0.0;0;;;255.5;2.5;2;527.5398649337295;;;[]
27;27;to;793;242;810;260;[3739.0];0.2262;0.2262;1;13.8318;13.8716;251.0;4.5;2;545.7702830809841;13.85;0.2262;[41.86944]
28;28;keep;819;241;859;265;[];0.0;0.0;0;;;253.0;2.0;2;551.5589661081556;;;[]
29;29;the;867;241;895;260;[3740.0, 3743.0];0.5507;0.3401;2;13.0538;13.4924;250.5;2.5;2;577.7637651274936;13.27;0.2753;[0.0, 5.518247179095938]
30;30;items;904;242;951;260;[3741.0];0.3397;0.3397;1;13.1202;12.9045;251.0;0.5;2;596.5658819395369;13.01;0.3397;[81.47776000000002]
31;31;you;959;246;989;265;[3742.0];0.3076;0.3076;1;13.1855;13.6931;255.5;4.5;2;623.4924194361126;13.44;0.3076;[51.70624000000001]
32;32;have;999;241;1040;260;[];0.0;0.0;0;;;250.5;5.0;2;652.0141436305638;;;[]
33;33;acquired;222;346;297;370;[3732.0];0.3234;0.3234;1;11.0905;10.6101;358.0;107.5;3;490.46137818822956;10.85;0.3234;[22.395520000000033]
34;34;between;307;346;380;365;[3744.0];0.2589;0.2589;1;13.3123;13.6993;355.5;2.5;3;450.8441135185171;13.51;0.2589;[18.38560000000001]
35;35;loops.;389;346;440;370;[];0.0;0.0;0;;;358.0;2.5;3;421.9314260567676;;;[]
36;36;7.;450;347;464;365;[];0.0;0.0;0;;;356.0;2.0;3;418.95073349296996;;;[]
37;37;a;479;351;482;365;[];0.0;0.0;0;;;358.0;2.0;3;414.01845598269836;;;[]
38;38;map;491;351;528;370;[3745.0, 3746.0];0.4528;0.2263;2;12.7111;11.8189;360.5;2.5;3;399.8455265403097;12.26;0.2264;[32.4007482208914, 1.9798399999999674]
39;39;that;536;346;571;365;[3748.0, 3749.0];0.6147;0.3074;2;12.1648;11.7583;355.5;5.0;3;400.77469018676504;11.96;0.3074;[6.292159999999967, 1.2806400000000053]
40;40;can;579;351;608;365;[3747.0];0.3395;0.3395;1;12.5904;12.7807;358.0;2.5;3;400.4502399999999;12.69;0.3395;[22.57248000000004]
41;41;mark;617;346;662;365;[3750.0];0.3721;0.3721;1;12.395;12.2837;355.5;2.5;3;401.5632178054877;12.34;0.3721;[19.128960000000006]
42;42;explored;670;346;745;370;[3733.0, 3751.0];0.4525;0.1616;2;9.4497;10.6914;358.0;2.5;3;404.04140418315734;10.07;0.2263;[0.0, 22.97919999999999]
43;43;territories,;754;346;847;370;[3752.0];0.4044;0.4044;1;11.6394;11.7444;358.0;0.0;3;429.2187771921186;11.69;0.4044;[25.825919999999996]
44;44;allowing;856;346;927;370;[];0.0;0.0;0;;;358.0;0.0;3;478.20040348612997;;;[]
45;45;you;936;351;967;370;[3753.0];0.2593;0.2593;1;11.6687;12.3738;360.5;2.5;3;527.3480007493131;12.02;0.2593;[4.958079999999995]
46;46;to;975;347;992;365;[];0.0;0.0;0;;;356.0;4.5;3;557.5022929946545;;;[]
47;47;retain;1001;346;1050;365;[3754.0];0.2911;0.2911;1;13.046;11.9992;355.5;0.5;3;575.8944350263314;12.52;0.2911;[53.22816]
48;48;your;216;455;256;475;[];0.0;0.0;0;;;465.0;109.5;4;440.45875572441236;;;[]
49;49;knowledge;264;450;358;475;[3755.0];0.3883;0.3883;1;12.9588;12.9671;462.5;2.5;4;369.9442967451959;12.96;0.3883;[10.826559999999972]
50;50;of;366;450;383;470;[];0.0;0.0;0;;;460.0;2.5;4;359.10600815678026;;;[]
51;51;the;390;450;417;470;[3756.0];0.2588;0.2588;1;12.6152;12.2204;460.0;0.0;4;340.92924118399924;12.42;0.2588;[38.016639999999995]
52;52;terrain;425;451;483;470;[3757.0];0.2424;0.2424;1;12.4865;12.1166;460.5;0.5;4;313.26104943688347;12.3;0.2424;[28.04287999999997]
53;53;between;492;450;566;470;[3758.0];0.2428;0.2428;1;13.4964;13.8869;460.0;0.5;4;296.20437858731515;13.69;0.2428;[0.0]
54;54;loops.;575;450;625;475;[3712.0, 3759.0];0.7439;0.3556;2;13.1532;13.3985;462.5;2.5;4;290.4502399999999;13.28;0.372;[22.981439999999964, 1.9695999999999003]
55;55;8.;635;451;650;470;[];0.0;0.0;0;;;460.5;2.0;4;299.30424703685304;;;[]
56;56;a;659;455;668;470;[3760.0];0.2913;0.2913;1;11.1843;11.0585;462.5;2.0;4;304.06762191048483;11.12;0.2913;[45.90143999999998]
57;57;talisman;676;450;751;470;[3761.0];0.3396;0.3396;1;11.4818;12.6955;460.0;2.5;4;308.5286532792336;12.09;0.3396;[15.304320000000018]
58;58;that;759;450;794;470;[3762.0];0.2263;0.2263;1;12.618;12.8695;460.0;0.0;4;341.8076633053998;12.74;0.2263;[16.54079999999999]
59;59;can;802;455;831;470;[3764.0, 3765.0];0.5015;0.2264;2;13.0215;13.4192;462.5;2.5;4;365.3257224646213;13.22;0.2507;[3.419200000000046, 16.88159999999999]
60;60;mark;840;450;885;470;[3763.0];0.3557;0.3557;1;12.5869;13.0257;460.0;2.5;4;388.89268480430115;12.81;0.3557;[27.978880000000004]
61;61;completed;892;450;984;475;[3766.0];0.4045;0.4045;1;11.7722;12.1454;462.5;2.5;4;421.08337071688965;11.96;0.4045;[26.29952000000003]
62;62;quests,;993;452;1056;475;[3767.0, 3768.0];0.469;0.2427;2;11.3451;11.0836;463.5;1.0;4;499.0965023863597;11.21;0.2345;[2.460480000000018, 38.01376000000005]
63;63;allowing;220;555;291;580;[3769.0];0.275;0.275;1;12.6201;13.5288;567.5;104.0;5;349.4005453548943;13.07;0.275;[28.50175999999999]
64;64;you;300;560;331;580;[];0.0;0.0;0;;;570.0;2.5;5;316.21335375707577;;;[]
65;65;to;339;557;355;575;[];0.0;0.0;0;;;566.0;4.0;5;300.2540156172729;;;[]
66;66;retain;364;556;414;575;[3770.0, 3771.0];0.4373;0.2107;2;11.4309;11.9068;565.5;0.5;5;257.3770314039261;11.67;0.2186;[96.91807999999992, 2.0767999999999915]
67;67;your;422;560;462;580;[];0.0;0.0;0;;;570.0;4.5;5;223.7132242275757;;;[]
68;68;progress;470;560;546;580;[];0.0;0.0;0;;;570.0;0.0;5;189.95501860782085;;;[]
69;69;in;555;556;568;575;[];0.0;0.0;0;;;565.5;4.5;5;191.40791701049767;;;[]
70;70;quest;577;557;625;580;[3772.0];0.2266;0.2266;1;11.5122;11.3675;568.5;3.0;5;185.4502399999999;11.44;0.2266;[0.0]
71;71;lines;633;555;672;575;[];0.0;0.0;0;;;565.0;3.5;5;195.89786801876522;;;[]
72;72;between;681;555;754;575;[];0.0;0.0;0;;;565.0;0.0;5;212.33027926863744;;;[]
73;73;loops.;764;555;814;580;[3773.0];0.2103;0.2103;1;11.3991;12.0508;567.5;2.5;5;256.2756209519305;11.72;0.2103;[22.132479999999987]
74;74;9.;824;556;839;575;[];0.0;0.0;0;;;565.5;2.0;5;303.943929523683;;;[]
75;75;a;848;560;856;575;[];0.0;0.0;0;;;567.5;2.0;5;322.9984499874536;;;[]
76;76;potion;866;556;919;580;[3774.0, 3776.0];0.7601;0.3882;2;10.5284;11.9694;568.0;0.5;5;334.90903405894795;11.25;0.3801;[2.356800000000021, 36.022884373042615]
77;77;that;928;555;963;575;[];0.0;0.0;0;;;565.0;3.0;5;390.471876956968;;;[]
78;78;can;970;560;999;575;[3775.0];0.2908;0.2908;1;11.4361;11.4928;567.5;2.5;5;427.6282706911431;11.46;0.2908;[0.0]
79;79;mark;1009;555;1053;575;[3777.0, 3778.0, 3779.0];1.0516;0.291;3;10.0332;12.2665;565.0;2.5;5;462.8729072804948;11.15;0.3505;[35.62144000000001, 42.832257058324565, 8.526399999999967]
80;80;temporary;216;662;309;685;[3780.0];0.356;0.356;1;13.2168;12.6911;673.5;108.5;6;289.5250515832742;12.95;0.356;[16.921280000000024]
81;81;buffs,;317;660;365;684;[];0.0;0.0;0;;;672.0;1.5;6;236.58583553183732;;;[]
82;82;allowing;374;660;446;685;[3781.0];0.2424;0.2424;1;12.3078;13.1182;672.5;0.5;6;162.4438324292356;12.71;0.2424;[0.0]
83;83;you;454;665;485;685;[3782.0];0.291;0.291;1;12.0983;11.9751;675.0;2.5;6;130.00534256059473;12.04;0.291;[0.0]
84;84;to;494;662;510;680;[];0.0;0.0;0;;;671.0;4.0;6;115.10747801206307;;;[]
85;85;keep;519;660;560;685;[];0.0;0.0;0;;;672.5;1.5;6;84.89940573583294;;;[]
86;86;any;568;665;599;685;[];0.0;0.0;0;;;675.0;2.5;6;80.4502399999999;;;[]
87;87;temporary;607;662;700;685;[3783.0];0.2585;0.2585;1;10.8933;11.5089;673.5;1.5;6;82.86934471985153;11.2;0.2585;[12.395199999999932]
88;88;bonuses;708;660;780;680;[];0.0;0.0;0;;;670.0;3.5;6;148.03021412636537;;;[]
89;89;between;789;660;862;680;[3784.0];0.2103;0.2103;1;12.6712;12.3901;670.0;0.0;6;219.21675550536182;12.53;0.2103;[15.463680000000068]
90;90;loops.;872;660;922;685;[];0.0;0.0;0;;;672.5;2.5;6;296.0186350456633;;;[]
91;91;10.;933;660;958;680;[3785.0];0.2103;0.2103;1;12.4723;12.8152;670.0;2.5;6;356.2758822798669;12.64;0.2103;[3.2332799999999224]
92;92;a;967;665;976;680;[];0.0;0.0;0;;;672.5;2.5;6;389.36888254494295;;;[]
93;93;key;985;660;1015;685;[];0.0;0.0;0;;;672.5;0.0;6;405.9287980598292;;;[]
94;94;that;1022;660;1057;680;[3786.0];0.2909;0.2909;1;12.0839;12.357;670.0;2.5;6;443.19248041262796;12.22;0.2909;[67.50975999999991]
95;95;can;211;770;240;784;[];0.0;0.0;0;;;777.0;107.0;7;347.15301567795376;;;[]
96;96;mark;249;765;294;784;[3787.0];0.2753;0.2753;1;12.0639;12.3035;774.5;2.5;7;293.1232;12.18;0.2753;[50.8262400000001]
97;97;unlocked;302;765;379;784;[];0.0;0.0;0;;;774.5;0.0;7;208.1232;;;[]
98;98;doors,;388;765;443;789;[3788.0];0.2428;0.2428;1;12.6181;12.7132;777.0;2.5;7;144.1232;12.67;0.2428;[32.17632000000003]
99;99;allowing;452;765;523;789;[];0.0;0.0;0;;;777.0;0.0;7;64.1232;;;[]
100;100;you;532;770;563;789;[];0.0;0.0;0;;;779.5;2.5;7;24.548504929987097;;;[]
101;101;to;571;766;587;784;[3789.0];0.2589;0.2589;1;13.3742;12.5462;775.0;4.5;7;0.5633953297642035;12.96;0.2589;[0.5633953297642035]
102;102;retain;596;766;646;784;[];0.0;0.0;0;;;775.0;0.0;7;8.893807637766862;;;[]
103;103;your;654;770;694;789;[];0.0;0.0;0;;;779.5;4.5;7;67.03138588972782;;;[]
104;104;progress;702;770;778;789;[];0.0;0.0;0;;;779.5;0.0;7;114.96686259221656;;;[]
105;105;in;787;766;800;784;[];0.0;0.0;0;;;775.0;4.5;7;199.87755605444448;;;[]
106;106;exploring;809;765;890;789;[];0.0;0.0;0;;;777.0;2.0;7;221.8768;;;[]
107;107;buildings;900;765;978;789;[];0.0;0.0;0;;;777.0;0.0;7;312.8768;;;[]
108;108;between;987;765;1060;784;[];0.0;0.0;0;;;774.5;2.5;7;399.8768;;;[]
109;109;loops.;614;870;664;894;[];0.0;0.0;0;;;882.0;107.5;8;107.94913012293162;;;[]
