;number;text;x1;y1;x2;y2;fixations;fix_duration;first_fix_duration;fix_number;pupil_l;pupil_r;y;diff_y;line;distance;pupil;fix_duration_avg;fix_distance
0;0;You;212;399;243;418;[];0.0;0.0;0;;;408.5;;1;532.3505859140631;;;[]
1;1;could;252;398;297;418;[];0.0;0.0;0;;;408.0;0.5;1;481.3700854052382;;;[]
2;2;always;306;398;366;422;[4792.0];0.2911;0.2911;1;12.6567;14.271;410.0;2.0;1;415.7518433910382;13.46;0.2911;[25.429867257034637]
3;3;look;374;398;410;418;[4793.0];0.2102;0.2102;1;11.6761;12.3715;408.0;2.0;1;377.4162168257299;12.02;0.2102;[75.00480000000005]
4;4;at;418;400;434;418;[];0.0;0.0;0;;;409.0;1.0;1;356.04791464499044;;;[]
5;5;the;441;398;469;418;[];0.0;0.0;0;;;408.0;1.0;1;325.5438979969466;;;[]
6;6;individual;478;398;561;418;[4794.0];0.2262;0.2262;1;11.9127;12.688;408.0;0.0;1;251.0208037654377;12.3;0.2262;[9.468800000000044]
7;7;mods;571;398;618;418;[4795.0];0.2749;0.2749;1;13.1332;13.5587;408.0;0.0;1;211.85690057925044;13.35;0.2749;[69.31647999999996]
8;8;that;625;398;661;418;[];0.0;0.0;0;;;408.0;0.0;1;188.43503900030487;;;[]
9;9;make;669;398;716;418;[];0.0;0.0;0;;;408.0;0.0;1;170.01688128843682;;;[]
10;10;up;725;403;745;422;[];0.0;0.0;0;;;412.5;4.5;1;162.91607680964583;;;[]
11;11;the;753;398;780;418;[];0.0;0.0;0;;;408.0;4.5;1;166.93824703478356;;;[]
12;12;modpack,;789;398;874;422;[];0.0;0.0;0;;;410.0;2.0;1;167.83333662608996;;;[]
13;13;and;883;398;914;418;[];0.0;0.0;0;;;408.0;2.0;1;214.32124095162953;;;[]
14;14;download;923;398;1007;418;[];0.0;0.0;0;;;408.0;0.0;1;241.437615799706;;;[]
15;15;them;1015;398;1060;418;[];0.0;0.0;0;;;408.0;0.0;1;314.4212726948456;;;[]
16;16;one;218;508;249;522;[];0.0;0.0;0;;;515.0;107.0;2;503.4603111299304;;;[]
17;17;by;258;503;277;527;[];0.0;0.0;0;;;515.0;0.0;2;475.0573372584054;;;[]
18;18;one;285;508;317;522;[];0.0;0.0;0;;;515.0;0.0;2;436.07543210211503;;;[]
19;19;from;324;503;365;522;[];0.0;0.0;0;;;512.5;2.5;2;388.63867033923214;;;[]
20;20;the;373;503;401;522;[];0.0;0.0;0;;;512.5;0.0;2;353.1609990967949;;;[]
21;21;curseforge;409;503;503;527;[4801.0, 4803.0];0.4531;0.2427;2;12.2609;12.6222;515.0;2.5;2;252.24820491540942;12.44;0.2266;[24.32279206288615, 18.5769600000001]
22;22;website.;511;503;583;522;[4802.0];0.2589;0.2589;1;12.6274;12.7122;512.5;2.5;2;177.05929425773272;12.67;0.2589;[55.440319999999986]
23;23;You;592;504;623;522;[];0.0;0.0;0;;;513.0;0.5;2;140.3870424328627;;;[]
24;24;can;632;508;661;522;[];0.0;0.0;0;;;515.0;2.0;2;107.76420223361;;;[]
25;25;also;670;503;704;522;[];0.0;0.0;0;;;512.5;2.5;2;77.0424615588469;;;[]
26;26;download;712;503;796;522;[4796.0, 4804.0];0.4849;0.1453;2;11.6757;12.3785;512.5;0.0;2;62.87808000000007;12.03;0.2424;[3.6499200000000656, 20.41280000000006]
27;27;the;804;503;832;522;[4797.0];0.2103;0.2103;1;11.8525;12.0175;512.5;0.0;2;83.85619167984208;11.93;0.2103;[75.75647999999995]
28;28;FTB;841;504;872;522;[];0.0;0.0;0;;;513.0;0.5;2;111.8324607752437;;;[]
29;29;launcher,;881;503;961;527;[4798.0, 4805.0, 4807.0];0.4368;0.291;3;12.6278;12.9442;515.0;2.0;2;144.57263393549425;12.79;0.1456;[94.20895999999999, 1.1785599999999476, 1.7519999999999527]
30;30;download;970;503;1054;522;[];0.0;0.0;0;;;512.5;2.5;2;230.2341244973178;;;[]
31;31;the;295;608;322;627;[4799.0];0.3234;0.3234;1;11.8258;11.7388;617.5;105.0;3;427.14466954773803;11.78;0.3234;[38.88127999999995]
32;32;modpack;331;608;411;632;[4808.0];0.2748;0.2748;1;8.5363;11.4417;620.0;2.5;3;338.3094641346091;9.99;0.2748;[29.75619948033691]
33;33;from;418;608;459;627;[4800.0];0.2266;0.2266;1;12.8202;12.9694;617.5;2.5;3;290.4402298632997;12.89;0.2266;[90.76736000000005]
34;34;there,;467;608;519;632;[4809.0];0.2909;0.2909;1;11.5387;12.195;620.0;2.5;3;230.6801229474407;11.87;0.2909;[0.0]
35;35;and;528;608;559;627;[];0.0;0.0;0;;;617.5;2.5;3;190.9236683154982;;;[]
36;36;copy;568;613;608;632;[];0.0;0.0;0;;;622.5;5.0;3;143.30479099822998;;;[]
37;37;the;616;608;644;627;[];0.0;0.0;0;;;617.5;5.0;3;107.0454068283473;;;[]
38;38;files;651;608;686;627;[4810.0];0.2588;0.2588;1;11.6929;12.1085;617.5;0.0;3;66.65713407465391;11.9;0.2588;[22.041920000000005]
39;39;over;694;613;734;627;[];0.0;0.0;0;;;620.0;2.5;3;31.648480580375328;;;[]
40;40;to;740;609;757;627;[4811.0];0.3396;0.3396;1;11.3713;13.2583;618.0;2.0;3;24.121919999999932;12.31;0.3396;[24.121919999999932]
41;41;your;765;613;805;632;[];0.0;0.0;0;;;622.5;4.5;3;32.59578995892566;;;[]
42;42;preferred;813;608;893;632;[];0.0;0.0;0;;;620.0;2.5;3;68.50182423152252;;;[]
43;43;launcher.;903;608;983;627;[4806.0];0.2104;0.2104;1;12.7856;13.7404;617.5;2.5;3;156.2023941015195;13.26;0.2104;[62.11104]
