;number;text;x1;y1;x2;y2;fixations;fix_duration;first_fix_duration;fix_number;pupil_l;pupil_r;y;diff_y;line;distance;pupil;fix_duration_avg;fix_distance
0;0;Albania;231;241;295;260;[2161.0];0.4204;0.4204;1;13.7992;14.3029;250.5;;1;464.6488278637965;14.05;0.4204;[61.81247999999994]
1;1;Andorra;304;241;374;260;[2168.0];0.275;0.275;1;14.4985;14.6145;250.5;0.0;1;410.456936151894;14.56;0.275;[32.28031999999996]
2;2;Austria;382;242;443;260;[2162.0];0.2425;0.2425;1;13.0374;12.9152;251.0;0.5;1;370.49460405679326;12.98;0.2425;[58.638079999999945]
3;3;Belarus;453;241;517;260;[];0.0;0.0;0;;;250.5;0.5;1;338.1983306215452;;;[]
4;4;Belgium;526;241;596;265;[];0.0;0.0;0;;;253.0;2.5;1;314.45941238131195;;;[]
5;5;Bosnia;606;242;662;260;[2169.0];0.2263;0.2263;1;12.2145;11.9812;251.0;2.0;1;317.0752;12.1;0.2263;[22.275840000000017]
6;6;and;671;241;702;260;[];0.0;0.0;0;;;250.5;0.5;1;319.1520547250166;;;[]
7;7;Herzegovina;712;242;820;265;[2163.0, 2164.0];0.5336;0.2909;2;13.9721;14.1699;253.5;3.0;1;321.5182962681906;14.07;0.2668;[0.0, 22.96927999999997]
8;8;Bulgaria;830;241;901;265;[];0.0;0.0;0;;;253.0;0.5;1;368.1748351465646;;;[]
9;9;Croatia;910;241;972;260;[];0.0;0.0;0;;;250.5;2.5;1;419.9458598857715;;;[]
10;10;Cyprus;981;241;1042;265;[];0.0;0.0;0;;;253.0;2.5;1;466.207604008343;;;[]
11;11;Czech;227;346;278;365;[];0.0;0.0;0;;;355.5;102.5;2;414.93954696461503;;;[]
12;12;Republic;288;346;362;370;[];0.0;0.0;0;;;358.0;2.5;2;342.3710601601718;;;[]
13;13;Denmark;371;346;451;365;[];0.0;0.0;0;;;355.5;2.5;2;280.5406673464651;;;[]
14;14;Estonia;460;346;522;365;[];0.0;0.0;0;;;355.5;0.0;2;240.13709175219057;;;[]
15;15;Finland;532;346;593;365;[];0.0;0.0;0;;;355.5;0.0;2;216.12630482012133;;;[]
16;16;France;603;347;661;365;[];0.0;0.0;0;;;356.0;0.5;2;212.0752;;;[]
17;17;Germany;669;346;750;370;[];0.0;0.0;0;;;358.0;2.0;2;209.90495095447366;;;[]
18;18;Greece;758;346;819;365;[];0.0;0.0;0;;;355.5;2.5;2;245.33897292358589;;;[]
19;19;Hungary;828;347;902;370;[];0.0;0.0;0;;;358.5;3.0;2;283.3099285856393;;;[]
20;20;Iceland;910;346;973;365;[];0.0;0.0;0;;;355.5;3.0;2;347.5539285279337;;;[]
21;21;Ireland;983;346;1044;365;[];0.0;0.0;0;;;355.5;0.0;2;407.8282624281942;;;[]
22;22;Italy;221;450;260;475;[];0.0;0.0;0;;;462.5;107.0;3;388.3061540011953;;;[]
23;23;Kosovo;269;451;332;470;[];0.0;0.0;0;;;460.5;2.0;3;321.0325199028908;;;[]
24;24;Latvia;341;451;392;470;[];0.0;0.0;0;;;460.5;0.0;3;265.22429533359116;;;[]
25;25;Liechtenstein;401;450;517;470;[];0.0;0.0;0;;;460.0;0.5;3;159.08025281347773;;;[]
26;26;Lithuania;526;450;605;470;[];0.0;0.0;0;;;460.0;0.0;3;111.10444291386369;;;[]
27;27;Luxembourg;615;450;724;475;[];0.0;0.0;0;;;462.5;2.5;3;102.0752;;;[]
28;28;Malta;734;450;780;470;[];0.0;0.0;0;;;460.0;2.5;3;146.06710935457033;;;[]
29;29;Moldova;789;450;861;470;[2185.0];0.2422;0.2422;1;12.2961;12.2369;460.0;0.0;3;187.85405088844905;12.27;0.2422;[17.628799999999956]
30;30;Monaco;871;451;936;470;[];0.0;0.0;0;;;460.5;0.5;3;259.4737174266404;;;[]
31;31;Montenegro;946;451;1050;475;[];0.0;0.0;0;;;463.0;2.5;3;327.6559446053131;;;[]
32;32;Netherlands;232;555;338;575;[];0.0;0.0;0;;;565.0;102.0;4;296.65685839906007;;;[]
33;33;North;347;555;394;575;[];0.0;0.0;0;;;565.0;0.0;4;240.65854739692912;;;[]
34;34;Macedonia;403;555;495;575;[];0.0;0.0;0;;;565.0;0.0;4;139.6650179364897;;;[]
35;35;Norway;505;556;570;580;[];0.0;0.0;0;;;568.0;3.0;4;64.64959999999996;;;[]
36;36;Poland;579;555;636;575;[2188.0, 2189.0];0.4531;0.2268;2;13.4938;13.1868;565.0;3.0;4;2.0751999999999953;13.34;0.2266;[33.10816, 2.0751999999999953]
37;37;Portugal;646;555;717;580;[];0.0;0.0;0;;;567.5;2.5;4;11.350400000000036;;;[]
38;38;Romania;727;556;803;575;[2170.0];0.1938;0.1938;1;13.7225;13.9411;565.5;2.0;4;92.37371290145268;13.83;0.1938;[10.95327999999995]
39;39;Russia;813;556;868;575;[2184.0];0.2909;0.2909;1;12.6282;13.001;565.5;0.0;4;178.3624726090105;12.81;0.2909;[0.0]
40;40;San;877;556;908;575;[];0.0;0.0;0;;;565.5;0.0;4;242.35928460696533;;;[]
41;41;Marino;918;556;976;575;[];0.0;0.0;0;;;565.5;0.0;4;283.3579990669048;;;[]
42;42;Serbia;985;555;1040;575;[];0.0;0.0;0;;;565.0;0.5;4;350.35654587177333;;;[]
43;43;Slovakia;231;660;304;680;[];0.0;0.0;0;;;670.0;105.0;5;340.8895428657206;;;[]
44;44;Slovenia;313;660;387;680;[];0.0;0.0;0;;;670.0;0.0;5;261.1644057585183;;;[]
45;45;Spain;396;660;444;685;[];0.0;0.0;0;;;672.5;2.5;5;207.9033247333962;;;[]
46;46;Sweden;453;660;521;680;[];0.0;0.0;0;;;670.0;2.5;5;140.68672302388734;;;[]
47;47;Switzerland;530;660;632;680;[2167.0, 2182.0, 2186.0];0.744;0.1942;3;13.0576;13.5196;670.0;0.0;5;82.96711900024009;13.29;0.248;[34.30528000000004, 19.105279999999993, 8.568319999999972]
48;48;Ukraine;642;660;709;680;[2187.0];0.2103;0.2103;1;12.9954;12.2122;670.0;0.0;5;83.24992994111167;12.6;0.2103;[0.0]
49;49;United;718;660;773;680;[2183.0];0.1937;0.1937;1;12.2115;12.4324;670.0;0.0;5;117.57470661328485;12.32;0.1937;[81.64480000000003]
50;50;Kingdom;783;660;859;685;[2178.0];0.1946;0.1946;1;13.8562;13.991;672.5;2.5;5;169.95400446944467;13.92;0.1946;[40.432320000000004]
51;51;(including;869;660;955;685;[];0.0;0.0;0;;;672.5;0.0;5;248.58928463471634;;;[]
52;52;England,;965;660;1040;685;[];0.0;0.0;0;;;672.5;0.0;5;340.5993382776896;;;[]
53;53;Scotland,;405;765;487;789;[];0.0;0.0;0;;;777.0;104.5;6;238.98982161422688;;;[]
54;54;Wales,;496;765;554;789;[2180.0];0.356;0.356;1;13.0285;13.8081;777.0;0.0;6;204.49960497565758;13.42;0.356;[66.88991999999996]
55;55;and;563;765;593;784;[];0.0;0.0;0;;;774.5;2.5;6;192.48485559960295;;;[]
56;56;Northern;603;765;680;784;[2166.0, 2175.0, 2181.0];0.8737;0.2753;3;13.4124;13.9703;774.5;0.0;6;187.9248;13.69;0.2912;[25.85087999999996, 67.14879999999994, 27.929599999999937]
57;57;Ireland);689;765;759;789;[2171.0, 2172.0, 2173.0, 2179.0];1.1812;0.3075;4;13.5304;13.9672;777.0;2.5;6;195.6264205959921;13.75;0.2953;[59.23668687756262, 42.620548023581215, 32.98527999999999, 23.11002697234261]
58;58;Vatican;767;766;832;784;[2174.0];0.2909;0.2909;1;13.7189;15.2613;775.0;2.0;6;230.6712128446027;14.49;0.2909;[0.1008000000000493]
59;59;City;840;765;874;789;[2165.0, 2176.0, 2177.0];0.7924;0.2428;3;13.1421;13.8707;777.0;2.0;6;278.36040888603395;13.51;0.2641;[33.94870874000361, 0.0, 78.44799999999998]
