;number;text;x1;y1;x2;y2;fixations;fix_duration;first_fix_duration;fix_number;pupil_l;pupil_r;y;diff_y;line;distance;pupil;fix_duration_avg;fix_distance
0;0;The;211;188;243;208;[];0.0;0.0;0;;;198.0;;1;681.4704331558997;;;[]
1;1;easiest;251;189;313;208;[852, 853, 929, 933];1.2451;0.3235;4;14.2197;14.2606;198.5;0.5;1;645.9131576811928;14.24;0.3113;[0.0, 98.43605265311282, 5.878824590000953, 27.12064000000001]
2;2;way;320;193;355;213;[868, 869, 922, 930];1.0029;0.2101;4;13.4067;13.7116;203.0;4.5;1;622.8201724941875;13.56;0.2507;[0.0, 20.574399999999997, 6.084800000000001, 0.0]
3;3;to;362;190;379;208;[934];0.2912;0.2912;1;13.8427;13.9098;199.0;4.0;1;617.8015053928644;13.88;0.2912;[9.456639999999993]
4;4;import;388;189;446;213;[854, 870, 935];0.8406;0.2425;3;13.5161;13.5391;201.0;2.0;1;590.6288005724828;13.53;0.2802;[64.5390570442426, 16.9392, 0.0]
5;5;the;453;188;480;208;[855, 923];0.5661;0.2749;2;14.2374;14.5843;198.0;3.0;1;586.6698567897362;14.41;0.2831;[96.51089760643613, 73.37344]
6;6;BERT;489;189;535;208;[];0.0;0.0;0;;;198.5;0.5;1;576.4913398011192;;;[]
7;7;language;543;188;623;213;[856, 871, 921, 941, 943, 944, 953, 954, 955];2.1677;0.1943;9;13.9587;14.1465;200.5;2.0;1;565.89536;14.05;0.2409;[6.484160000000003, 13.469439999999992, 0.0, 79.64032, 15.445760000000007, 0.0, 1.6627200000000073, 19.00927999999999, 19.695359999999994]
8;8;model;631;188;684;208;[872, 874, 878, 936, 942, 947, 948, 949, 951, 952, 957];3.705;0.2261;11;13.7202;12.9214;198.0;2.5;1;571.1159091337673;13.32;0.3368;[19.061759999999992, 0.0, 23.82208, 22.80832000000001, 36.35584, 27.467520000000007, 63.205119999999994, 29.116160000000008, 51.28329841597945, 54.890240000000006, 18.487040000000007]
9;9;into;693;189;725;208;[];0.0;0.0;0;;;198.5;0.5;1;576.181665159253;;;[]
10;10;python;734;188;794;213;[873, 875, 877, 879, 882, 945, 950, 956, 984];3.0246;0.4371;9;13.3651;13.4356;200.5;2.0;1;578.2453894893496;13.4;0.3361;[7.4074436352631245, 0.587520000000012, 32.751360000000005, 56.149759999999986, 23.185987953969082, 18.851633643628865, 42.745599999999996, 23.09504000000001, 32.575680000000006]
11;11;for;802;188;827;208;[938];0.2749;0.2749;1;12.8847;12.5125;198.0;2.5;1;600.7013055302024;12.7;0.2749;[96.37248]
12;12;use;834;193;863;208;[876, 881];0.663;0.4528;2;13.8176;13.4063;200.5;2.5;1;611.4129243528383;13.61;0.3315;[22.309439999999995, 5.270080000000007]
13;13;with;871;188;907;208;[860, 880, 926, 946, 958, 972, 977, 978];2.9765;0.4045;8;12.6066;13.3092;198.0;2.5;1;625.6126386716381;12.96;0.3721;[82.75328, 12.855040000000002, 50.558719999999994, 44.08704, 2.563839999999999, 40.02304000000001, 27.405268608791257, 52.06527999999997]
14;14;PyTorch;917;188;985;213;[979];0.5176;0.5176;1;12.8462;13.2319;200.5;2.5;1;641.3760962693336;13.04;0.5176;[66.02976000000001]
15;15;is;995;189;1007;208;[973];0.3557;0.3557;1;13.6269;13.1659;198.5;2.0;1;685.7281041824738;13.4;0.3557;[81.71008]
16;16;using;1015;189;1060;213;[959];0.372;0.372;1;14.8108;14.416;201.0;2.5;1;692.9169468743636;14.61;0.372;[64.69664]
17;17;the;208;293;236;313;[];0.0;0.0;0;;;303.0;102.0;2;600.6644155147611;;;[]
18;18;Hugging;245;294;317;318;[865, 883, 885, 960];1.1806;0.2587;4;13.4056;14.2314;306.0;3.0;2;548.9132820999047;13.82;0.2951;[18.718079999999986, 11.328640000000007, 31.153279999999995, 0.0]
19;19;Face;326;294;365;313;[866, 961];0.9058;0.5823;2;13.4728;13.9478;303.5;2.5;2;528.7941974584154;13.71;0.4529;[48.65984, 21.182399999999973]
20;20;Transformer's;372;293;497;313;[867, 886, 887, 962, 986];1.4394;0.2423;5;13.9868;14.1547;303.0;0.5;2;480.63820995181976;14.07;0.2879;[87.93376, 5.904319999999984, 0.0, 0.0, 13.744959999999992]
21;21;library,;505;293;567;318;[895, 917, 919, 963, 985];1.4561;0.2264;5;13.5789;13.3742;305.5;2.5;2;463.4015443065437;13.48;0.2912;[0.0, 13.591679999999997, 0.0, 7.232320000000016, 0.0]
22;22;which;576;293;625;313;[892, 896, 918, 965];1.0513;0.2427;4;13.1015;13.1759;303.0;2.5;2;465.89536;13.14;0.2628;[32.44319999999999, 8.974095706732793, 0.0, 1.160000000000025]
23;23;has;634;293;663;313;[964];0.4367;0.4367;1;13.8396;14.0261;303.0;0.0;2;466.2773621630044;13.93;0.4367;[37.98303999999999]
24;24;built;672;293;710;313;[893, 920];0.6794;0.3235;2;12.99;13.4275;303.0;0.0;2;469.3535222683319;13.21;0.3397;[11.410239999999988, 42.65248]
25;25;in;718;294;731;312;[894];0.4532;0.4532;1;14.5133;14.9779;303.0;0.0;2;478.0937108828034;14.75;0.4532;[7.208320000000015]
26;26;methods;741;293;817;313;[897, 966, 967, 974, 980];1.3912;0.3399;5;13.4986;13.1719;303.0;0.0;2;482.5990510410164;13.34;0.2782;[0.0, 0.0, 0.0, 18.816959999999995, 4.477759999999989]
27;27;for;824;293;849;313;[];0.0;0.0;0;;;303.0;0.0;2;510.5735309097893;;;[]
28;28;pre-training,;857;294;967;318;[884, 898, 900, 902, 968, 969, 970, 971, 982, 983];2.7825;0.2101;10;13.5741;12.9302;306.0;3.0;2;520.5053537339357;13.25;0.2783;[98.86655999999999, 9.338239999999985, 6.1331200000000194, 0.0, 0.0, 0.0, 0.0, 6.471040000000016, 34.97365122799735, 13.086079999999981]
29;29;inference,;977;293;1063;317;[899, 901];0.5987;0.3399;2;12.8125;12.8961;305.0;1.0;2;586.7687022888061;12.85;0.2993;[3.5836800000000153, 38.59484679384023]
30;30;and;225;398;256;418;[];0.0;0.0;0;;;408.0;103.0;3;509.1360628218056;;;[]
31;31;deploying;265;398;350;422;[903, 904, 975];1.0025;0.2427;3;12.2625;12.785;410.0;2.0;3;444.59869858748976;12.52;0.3342;[19.40544, 40.87871999999999, 2.664319999999975]
32;32;BERT.;360;399;410;417;[888];0.3073;0.3073;1;12.5849;12.2691;408.0;2.0;3;415.98846664984546;12.43;0.3073;[20.918720000000008]
33;33;‘**;422;396;448;401;[905, 989];0.7923;0.5823;2;12.9604;13.1133;398.5;9.5;3;413.20358941530213;13.04;0.3962;[0.19328000000001566, 18.729006232857095]
34;34;from;459;398;500;418;[];0.0;0.0;0;;;408.0;9.5;3;378.8143155500985;;;[]
35;35;transformers;508;398;623;418;[990];0.2589;0.2589;1;12.1822;12.7515;408.0;0.0;3;360.89536;12.47;0.2589;[35.85728]
36;36;import;632;399;690;422;[906, 991];0.6798;0.4046;2;12.9893;13.0274;410.5;2.5;3;357.29386838524056;13.01;0.3399;[0.0, 4.564795233085469]
37;37;AutoTokenizer,;697;398;830;422;[907, 992, 994];1.0676;0.4851;3;13.5934;13.8691;410.0;0.5;3;366.1653456919286;13.73;0.3559;[0.0, 2.3046400000000062, 0.0]
38;38;BertModel;840;398;928;418;[976, 993];0.4365;0.226;2;12.9181;12.3418;408.0;2.0;3;425.2201284813427;12.63;0.2182;[72.11200000000002, 54.785919999999976]
39;39;import;937;399;995;422;[];0.0;0.0;0;;;410.5;2.5;3;480.59843152645595;;;[]
40;40;torch;1002;398;1047;418;[];0.0;0.0;0;;;408.0;2.5;3;529.0691516859489;;;[]
41;41;tokenizer;297;503;380;522;[909, 981, 987, 995];1.1161;0.2104;4;11.8222;12.1057;512.5;104.5;4;348.2544397214335;11.96;0.279;[33.11040000000003, 35.72832, 40.55135999999999, 8.769919999999956]
42;42;=;388;511;399;518;[];0.0;0.0;0;;;514.5;2.0;4;338.78959970118564;;;[]
43;43;"AutoTokenizer.from_pretrained(""bert-base-uncased"")";407;503;891;527;[889, 891, 908, 910, 911, 988, 996, 997, 1003];2.3768;0.1943;9;13.0314;13.569;515.0;0.5;4;251.89535999999998;13.3;0.2641;[17.24576000000002, 5.111359999999991, 7.015359999999987, 30.731840000000034, 4.7734400000000505, 62.68000000000001, 5.541439999999966, 35.411519999999996, 0.0]
44;44;model;901;503;953;522;[];0.0;0.0;0;;;512.5;2.5;4;384.33983866584737;;;[]
45;45;=;963;511;974;518;[];0.0;0.0;0;;;514.5;2.0;4;434.83353604073545;;;[]
46;46;"BertModel.from_pretrained(""bert-base-uncased"")";215;608;660;632;[912, 1000];0.4848;0.2103;2;13.103;12.827;620.0;105.5;5;146.89535999999998;12.96;0.2424;[4.556799999999953, 10.00703999999996]
47;47;inputs;669;608;722;632;[998];0.2103;0.2103;1;13.1;14.345;620.0;0.0;5;156.46171028622177;13.72;0.2103;[2.0943999999999505]
48;48;=;731;616;742;623;[];0.0;0.0;0;;;619.5;0.5;5;194.24034819184607;;;[]
49;49;"tokenizer(""Hello,";751;608;900;632;[890];0.2264;0.2264;1;13.6324;13.2939;620.0;0.5;5;200.09750719509125;13.46;0.2264;[12.91800970428495]
50;50;my;910;613;936;632;[];0.0;0.0;0;;;622.5;2.5;5;329.4340595410402;;;[]
51;51;dog;944;608;975;632;[916];0.097;0.097;1;11.6651;12.6459;620.0;2.5;5;360.1860446848123;12.16;0.097;[16.91647999999998]
52;52;is;985;608;997;627;[];0.0;0.0;0;;;617.5;2.5;5;399.84536159081506;;;[]
53;53;"cute"",";1005;608;1055;632;[];0.0;0.0;0;;;620.0;2.5;5;416.6259420459672;;;[]
54;54;"return_tensors=""pt"")";317;713;505;737;[];0.0;0.0;0;;;725.0;105.0;6;117.82932566084554;;;[]
55;55;outputs;514;714;581;737;[];0.0;0.0;0;;;725.5;0.5;6;54.0374942580575;;;[]
56;56;=;590;720;600;728;[];0.0;0.0;0;;;724.0;1.5;6;53.09653911216434;;;[]
57;57;model(**inputs);610;713;757;737;[913, 999, 1001, 1002];1.5043;0.34;4;12.5759;12.6783;725.0;1.0;6;41.89535999999998;12.63;0.3761;[29.289920000000052, 0.0, 16.17823999999996, 20.125120000000038]
58;58;last_hidden_states;767;713;934;736;[914, 915];0.4531;0.2429;2;12.74;12.7508;724.5;0.5;6;157.81200938360047;12.75;0.2266;[42.77152000000001, 90.71519999999998]
59;59;=;944;720;954;728;[];0.0;0.0;0;;;724.0;0.5;6;332.7853327081733;;;[]
60;60;outputs.last_hidden_state;503;817;736;842;[1004];0.469;0.469;1;12.7983;12.9176;829.5;105.5;7;38.10464000000002;12.86;0.469;[38.10464000000002]
61;61;***;747;816;773;821;[];0.0;0.0;0;;;818.5;11.0;7;136.9910825772598;;;[]
