;number;text;x1;y1;x2;y2;fixations;fix_duration;first_fix_duration;fix_number;pupil_l;pupil_r;y;diff_y;line;distance;pupil;fix_duration_avg;fix_distance
0;0;The;55;304;97;323;[];0.0;0.0;0;;;313.5;;1;679.6910909849139;;;[]
1;1;simulation;117;304;262;323;[738.0];0.2911;0.2911;1;17.2997;17.3041;313.5;0.0;1;533.9690507550624;17.3;0.2911;[15.687999999999988]
2;2;hypothesis;281;304;427;328;[739.0];0.2747;0.2747;1;17.0755;17.0171;316.0;2.5;1;399.90113573765007;17.05;0.2747;[0.0]
3;3;theorizes;446;304;577;323;[];0.0;0.0;0;;;313.5;2.5;1;314.14454501751646;;;[]
4;4;that;596;304;652;323;[740.0];0.2427;0.2427;1;18.0493;17.4705;313.5;0.0;1;289.0453859937266;17.76;0.2427;[24.143921378268267]
5;5;the;671;304;712;323;[];0.0;0.0;0;;;313.5;0.0;1;282.02054386916996;;;[]
6;6;world;729;304;802;323;[741.0];0.2265;0.2265;1;18.2496;18.0864;313.5;0.0;1;282.32597040347247;18.17;0.2265;[0.0]
7;7;experienced;821;304;982;328;[742.0];0.2747;0.2747;1;17.8278;17.2717;316.0;2.5;1;296.43509097990136;17.55;0.2747;[0.0]
8;8;by;1001;304;1028;328;[743.0];0.2267;0.2267;1;18.0069;17.7011;316.0;0.0;1;397.8427065616038;17.85;0.2267;[2.721279999999979]
9;9;humans;1046;304;1132;323;[744.0];0.3555;0.3555;1;14.0204;13.7023;313.5;2.5;1;434.51131166433674;13.86;0.3555;[22.384959999999978]
10;10;or;1151;309;1177;323;[];0.0;0.0;0;;;316.0;2.5;1;518.8879416254172;;;[]
11;11;a;1196;309;1207;323;[];0.0;0.0;0;;;316.0;0.0;1;557.1992103047727;;;[]
12;12;specific;42;403;158;427;[745.0];0.3074;0.3074;1;17.082;16.9467;415.0;99.0;2;585.1602660162962;17.01;0.3074;[1.2783319130804924]
13;13;human;177;403;247;422;[];0.0;0.0;0;;;412.5;2.5;2;502.9074691474193;;;[]
14;14;is;267;403;292;422;[];0.0;0.0;0;;;412.5;0.0;2;461.2831955797463;;;[]
15;15;a;312;408;323;422;[];0.0;0.0;0;;;415.0;2.5;2;433.00173408920944;;;[]
16;16;simulation.;342;403;499;422;[746.0];0.4044;0.4044;1;17.5409;17.0955;412.5;2.5;2;283.42724097069856;17.32;0.4044;[5.827200000000005]
17;17;In;522;404;547;422;[];0.0;0.0;0;;;413.0;0.5;2;248.71204740474965;;;[]
18;18;this;567;403;622;422;[];0.0;0.0;0;;;412.5;0.5;2;205.47049064102228;;;[]
19;19;case,;642;408;709;425;[747.0];0.2589;0.2589;1;17.0143;17.0513;416.5;4.0;2;180.11450481363906;17.03;0.2589;[7.900904307128402]
20;20;the;732;403;773;422;[];0.0;0.0;0;;;412.5;4.0;2;183.7482912145373;;;[]
21;21;termination;792;403;952;422;[748.0];0.3073;0.3073;1;18.0982;17.8671;412.5;0.0;2;198.37284724543932;17.98;0.3073;[0.0]
22;22;of;971;404;998;422;[];0.0;0.0;0;;;413.0;0.5;2;314.3321544549052;;;[]
23;23;the;1017;403;1058;422;[];0.0;0.0;0;;;412.5;0.5;2;352.7507711178848;;;[]
24;24;simulation;1077;403;1222;422;[749.0, 750.0];0.2909;0.2428;2;15.1374;15.0148;412.5;0.0;2;405.24246880634604;15.08;0.1454;[15.452800000000025, 80.58944000000002]
25;25;would;93;502;166;521;[];0.0;0.0;0;;;511.5;99.0;3;555.8144570666209;;;[]
26;26;result;187;502;270;521;[751.0];0.2749;0.2749;1;17.6536;16.8599;511.5;0.0;3;453.2815763785933;17.26;0.2749;[4.547519999999963]
27;27;in;290;502;315;521;[];0.0;0.0;0;;;511.5;0.0;3;409.1460026497417;;;[]
28;28;the;335;502;376;521;[];0.0;0.0;0;;;511.5;0.0;3;349.66976232477185;;;[]
29;29;end;394;502;436;521;[752.0];0.3073;0.3073;1;16.6667;16.4093;511.5;0.0;3;291.7829581799843;16.54;0.3073;[5.847999999999956]
30;30;of;454;503;481;521;[];0.0;0.0;0;;;512.0;0.5;3;249.02521696459263;;;[]
31;31;human;500;502;570;521;[753.0];0.3721;0.3721;1;16.8538;17.0067;511.5;0.5;3;167.94626368056666;16.93;0.3721;[1.5609600000000228]
32;32;existence.;589;502;732;521;[754.0];0.2425;0.2425;1;17.5281;16.8039;511.5;0.0;3;83.99968000000001;17.17;0.2425;[0.0]
33;33;If;755;503;781;521;[];0.0;0.0;0;;;512.0;0.5;3;92.85310702535696;;;[]
34;34;this;800;502;855;521;[];0.0;0.0;0;;;511.5;0.5;3;119.19716223242224;;;[]
35;35;hypothesis;875;502;1020;526;[755.0, 756.0];0.4688;0.2749;2;16.9334;16.7197;514.0;2.5;3;178.05450481316774;16.83;0.2344;[9.623680000000036, 23.580799999999954]
36;36;is;1040;502;1065;521;[];0.0;0.0;0;;;511.5;2.5;3;335.2631376758596;;;[]
37;37;proven;1085;507;1170;526;[];0.0;0.0;0;;;516.5;5.0;3;377.9188255224425;;;[]
38;38;accurate,;79;603;206;623;[];0.0;0.0;0;;;613.0;96.5;4;509.4304000000001;;;[]
39;39;in;229;601;254;620;[757.0];0.2587;0.2587;1;16.9258;17.1097;610.5;2.5;4;461.4304000000001;17.02;0.2587;[37.84387707698042]
40;40;order;273;601;345;620;[];0.0;0.0;0;;;610.5;0.0;4;370.4304000000001;;;[]
41;41;to;364;603;390;620;[758.0];0.2585;0.2585;1;15.2465;15.24;611.5;1.0;4;325.4304000000001;15.24;0.2585;[12.19712000000004]
42;42;survive,;409;601;521;623;[];0.0;0.0;0;;;612.0;0.5;4;194.43040000000008;;;[]
43;43;humans;544;601;629;620;[759.0];0.2427;0.2427;1;16.1917;16.4912;610.5;1.5;4;86.43040000000008;16.34;0.2427;[10.124799999999937]
44;44;need;649;601;705;620;[760.0];0.2423;0.2423;1;16.3439;15.3359;610.5;0.0;4;10.430400000000077;15.84;0.2423;[0.0]
45;45;to;724;603;750;620;[];0.0;0.0;0;;;611.5;1.0;4;8.569599999999923;;;[]
46;46;work;767;601;825;620;[];0.0;0.0;0;;;610.5;1.0;4;51.56959999999992;;;[]
47;47;together;844;601;960;625;[761.0];0.3235;0.3235;1;16.6855;15.8756;613.0;2.5;4;128.56959999999992;16.28;0.3235;[0.0]
48;48;to;979;603;1005;620;[];0.0;0.0;0;;;611.5;1.5;4;263.5695999999999;;;[]
49;49;prevent;1024;603;1124;625;[762.0];0.3231;0.3231;1;16.5005;16.6652;614.0;2.5;4;308.5695999999999;16.58;0.3231;[2.722240000000056]
50;50;the;1144;601;1185;620;[];0.0;0.0;0;;;610.5;3.5;4;428.5695999999999;;;[]
51;51;universe;409;700;525;719;[];0.0;0.0;0;;;709.5;99.0;5;212.81164922123605;;;[]
52;52;from;545;701;601;719;[763.0];0.3079;0.3079;1;16.7731;16.3825;710.0;0.5;5;149.36658891553498;16.58;0.3079;[7.685454289864693]
53;53;being;619;700;691;724;[764.0];0.2752;0.2752;1;17.0375;16.1321;712.0;2.0;5;98.09131074800867;16.58;0.2752;[0.7155199999999695]
54;54;terminated.;709;700;866;719;[765.0];0.21;0.21;1;16.4974;15.2372;709.5;2.5;5;95.00031999999999;15.87;0.21;[95.00031999999999]
