;number;text;x1;y1;x2;y2;fixations;fix_duration;first_fix_duration;fix_number;pupil_l;pupil_r;y;diff_y;line;distance;pupil;fix_duration_avg;fix_distance
0;0;Dinosaurs;79;304;210;323;[315.0];0.307;0.307;1;16.7049;17.1205;313.5;;1;566.0945163254406;16.91;0.307;[14.213439999999991]
1;1;are;229;309;270;323;[];0.0;0.0;0;;;316.0;2.5;1;523.3713723673989;;;[]
2;2;immune;290;304;375;323;[316.0];0.3236;0.3236;1;16.7387;16.6068;313.5;2.5;1;458.0263413972328;16.67;0.3236;[0.0]
3;3;to;394;306;420;323;[];0.0;0.0;0;;;314.5;1.0;1;434.80348827227044;;;[]
4;4;brain;439;304;510;323;[317.0];0.2913;0.2913;1;15.9549;15.6704;313.5;1.0;1;399.6698154899047;15.81;0.2913;[0.0]
5;5;freeze;530;305;615;323;[];0.0;0.0;0;;;314.0;0.5;1;382.10796565072343;;;[]
6;6;since;635;304;705;323;[318.0];0.2423;0.2423;1;18.3153;17.4006;313.5;0.5;1;381.9572769482661;17.86;0.2423;[3.2873599999999783]
7;7;their;724;304;795;323;[319.0];0.2916;0.2916;1;17.5375;16.0974;313.5;0.0;1;393.80198858529707;16.82;0.2916;[0.0]
8;8;brains;814;304;900;323;[];0.0;0.0;0;;;313.5;0.0;1;424.83160689117096;;;[]
9;9;are;919;309;960;323;[320.0];0.243;0.243;1;16.6589;16.5077;316.0;2.5;1;480.20040630317504;16.58;0.243;[21.739840000000015]
10;10;not;979;306;1020;323;[];0.0;0.0;0;;;314.5;1.5;1;518.7745389027244;;;[]
11;11;encased;1039;304;1140;323;[321.0, 322.0];0.5987;0.3884;2;14.5925;13.712;313.5;1.0;1;561.1253106158503;14.15;0.2994;[33.71039999999999, 34.03807999999998]
12;12;in;1160;304;1185;323;[];0.0;0.0;0;;;313.5;0.0;1;654.9763670650525;;;[]
13;13;protective;56;403;202;427;[323.0];0.2429;0.2429;1;17.0765;16.5728;415.0;101.5;2;508.52310938022714;16.82;0.2429;[0.0]
14;14;bones;221;403;292;422;[324.0];0.3715;0.3715;1;17.028;16.2249;412.5;2.5;2;439.13727873380833;16.63;0.3715;[0.0]
15;15;like;311;403;367;422;[];0.0;0.0;0;;;412.5;0.0;2;384.81786545550926;;;[]
16;16;ours.;386;408;453;422;[325.0];0.275;0.275;1;15.7174;16.2195;415.0;2.5;2;332.5803734042862;15.97;0.275;[16.40512000000001]
17;17;This;475;403;532;422;[];0.0;0.0;0;;;412.5;2.5;2;298.6970330849211;;;[]
18;18;unique;551;403;637;427;[326.0];0.2912;0.2912;1;17.671;15.7694;415.0;2.5;2;277.89088000000004;16.72;0.2912;[4.7087999999999965]
19;19;anatomy;656;405;758;427;[327.0];0.2753;0.2753;1;15.9179;15.3221;416.0;1.0;2;279.31016016918255;15.62;0.2753;[0.0]
20;20;allows;776;403;862;422;[328.0];0.243;0.243;1;17.5153;16.4291;412.5;3.5;2;319.3231253350349;16.97;0.243;[1.495679999999993]
21;21;them;881;403;938;422;[329.0];0.2749;0.2749;1;15.5472;14.4668;412.5;0.0;2;379.60215275171237;15.01;0.2749;[0.0]
22;22;to;956;405;982;422;[];0.0;0.0;0;;;413.5;1.0;2;433.2332332286322;;;[]
23;23;regulate;1004;403;1117;427;[];0.0;0.0;0;;;415.0;1.5;2;467.64388071879483;;;[]
24;24;their;1136;403;1207;422;[];0.0;0.0;0;;;412.5;2.5;2;581.5623873444141;;;[]
25;25;body;56;502;113;526;[];0.0;0.0;0;;;514.0;101.5;3;545.0703750285228;;;[]
26;26;temperature;131;504;292;526;[];0.0;0.0;0;;;515.0;1.0;3;380.54729868143124;;;[]
27;27;better;311;502;397;521;[];0.0;0.0;0;;;511.5;3.5;3;295.16214414069844;;;[]
28;28;and;416;502;457;521;[];0.0;0.0;0;;;511.5;0.0;3;251.02845124354815;;;[]
29;29;tolerate;476;502;592;521;[];0.0;0.0;0;;;511.5;0.0;3;187.35825397813252;;;[]
30;30;changes;611;502;712;526;[];0.0;0.0;0;;;514.0;2.5;3;178.89088000000004;;;[]
31;31;in;732;502;757;521;[];0.0;0.0;0;;;511.5;2.5;3;211.3224155969603;;;[]
32;32;temperature,;776;504;948;526;[330.0];0.3398;0.3398;1;16.7347;16.004;515.0;3.5;3;232.2540749561445;16.37;0.3398;[2.1280000000000427]
33;33;meaning;970;502;1073;526;[331.0];0.2752;0.2752;1;15.8317;15.4033;514.0;1.0;3;386.06882305326644;15.62;0.2752;[17.293440000000032]
34;34;they;1091;502;1148;526;[];0.0;0.0;0;;;514.0;0.0;3;496.471110271015;;;[]
35;35;can;1166;507;1207;521;[332.0];0.1941;0.1941;1;14.1359;12.5576;514.0;0.0;3;568.6745221422658;13.35;0.1941;[12.872640000000047]
36;36;enjoy;63;601;135;625;[];0.0;0.0;0;;;613.0;99.0;4;499.3111954420154;;;[]
37;37;a;153;606;164;620;[333.0];0.2909;0.2909;1;16.5917;16.5155;613.0;0.0;4;471.5820517086443;16.55;0.2909;[29.765840796295386]
38;38;cold;183;601;239;620;[];0.0;0.0;0;;;610.5;2.5;4;398.03626906820244;;;[]
39;39;treat;258;603;329;620;[334.0];0.275;0.275;1;15.2502;15.1866;611.5;1.0;4;310.7004336877154;15.22;0.275;[0.8409599999999955]
40;40;like;348;601;404;620;[];0.0;0.0;0;;;610.5;1.0;4;239.43266171041583;;;[]
41;41;ice;424;601;464;620;[335.0];0.2908;0.2908;1;16.2907;16.0981;610.5;0.0;4;184.56053612225563;16.19;0.2908;[10.599680000000035]
42;42;cream;483;606;555;620;[];0.0;0.0;0;;;613.0;2.5;4;111.88262909734654;;;[]
43;43;without;571;601;674;620;[336.0];0.2591;0.2591;1;15.9872;14.8786;610.5;2.5;4;84.89088000000004;15.43;0.2591;[0.0]
44;44;any;693;606;735;625;[337.0];0.2422;0.2422;1;15.9633;15.4304;615.5;5.0;4;103.06976032636535;15.7;0.2422;[6.06880000000001]
45;45;discomfort;753;601;899;620;[338.0];0.2747;0.2747;1;16.261;15.5646;610.5;5.0;4;151.2014427634022;15.91;0.2747;[0.0]
46;46;unlike;918;601;1004;620;[339.0, 341.0];0.5826;0.3885;2;16.2522;16.0409;610.5;0.0;4;302.28629524630185;16.15;0.2913;[26.119508065689086, 35.66719999999998]
47;47;mammals;1022;601;1124;620;[340.0];0.275;0.275;1;16.894;15.5511;610.5;0.0;4;403.1603863150922;16.22;0.275;[22.747617297150057]
48;48;like;1143;601;1199;620;[];0.0;0.0;0;;;610.5;0.0;4;522.0696546378982;;;[]
49;49;humans.;589;700;686;719;[342.0];0.3237;0.3237;1;14.3573;11.5872;709.5;99.0;5;0.0;12.97;0.3237;[0.0]
