text;attention
Your;5.249238189127188e-15
question;4.618810380265592e-15
could;3.908111064313321e-15
be;2.0289356248547417e-15
formulated;2.8579724032245555e-15
in;1.831262553508347e-15
the;0.9999999999998608
following;1.9015185557626652e-15
form:;5.367422422416469e-15
X;2.021110723273783e-15
=;1.8691384620515453e-15
4;2.0237438104647784e-15
Y;1.804877446448741e-15
=;1.684491845100881e-15
3*X;4.23147661630899e-15
Z=Y+X;8.731981879649246e-15
Since;2.5161536263749757e-15
X;1.990261675876749e-15
is;2.2876792859192847e-15
known,;3.1683504798382873e-15
we;2.002365912761653e-15
can;2.2275699320685294e-15
fill;2.3212106358229006e-15
it;1.7034659958430357e-15
in:;3.680045246920576e-15
Y=3*4;5.351747359047191e-15
=;1.918967094421572e-15
12;2.303168109570795e-15
Z=4+Y;6.064789821897215e-15
Now;4.5612060030043694e-15
that;2.116741666699836e-15
Y;2.048273479591153e-15
is;2.059251030664226e-15
known,;3.976281496412805e-15
we;1.8936184296977575e-15
can;2.171178033861443e-15
fill;2.108297689031483e-15
it;1.6546884674743959e-15
in:;2.5349334245682637e-15
Z=;2.3103731458261483e-15
4+12;2.7863458948664884e-15
=;2.0995308989060857e-15
16;2.1119639255807604e-15
The;2.998169733784688e-15
value;2.7496462911315313e-15
of;1.9376080676756433e-15
Z;2.3253354749095307e-15
is;3.682819286696595e-15
16;3.4748830441009207e-15
