;number;text;x1;y1;x2;y2;fixations;fix_duration;first_fix_duration;fix_number;pupil_l;pupil_r;y;diff_y;line;distance;pupil;fix_duration_avg;fix_distance
0;0;Some;71;355;127;373;[128.0];0.3071;0.3071;1;14.1987;13.7465;364.0;;1;594.7068095444624;13.97;0.3071;[15.9024]
1;1;songs;147;357;217;378;[];0.0;0.0;0;;;367.5;3.5;1;518.3648588769821;;;[]
2;2;similar;237;354;337;373;[127.0, 129.0];0.4853;0.2104;2;14.7964;13.381;363.5;4.0;1;433.6872575007866;14.09;0.2427;[42.90742755654319, 59.65120000000002]
3;3;to;356;355;382;373;[];0.0;0.0;0;;;364.0;0.5;1;405.0626288841685;;;[]
4;4;those;401;354;472;373;[130.0];0.3396;0.3396;1;15.932;15.4821;363.5;0.5;1;358.0613429547423;15.71;0.3396;[15.558411679139976]
5;5;you;491;359;532;378;[];0.0;0.0;0;;;368.5;5.0;1;331.7978283813105;;;[]
6;6;listed;551;354;637;373;[131.0];0.3074;0.3074;1;16.094;15.314;363.5;5.0;1;323.12544;15.7;0.3074;[29.810109968908193]
7;7;are;656;359;697;373;[132.0];0.2427;0.2427;1;16.5281;15.4305;366.0;2.5;1;324.49065397720415;15.98;0.2427;[9.475985075209904]
8;8;-;718;365;725;367;[];0.0;0.0;0;;;366.0;0.0;1;341.6705363336933;;;[]
9;9;Heroes;746;355;832;373;[133.0];0.3232;0.3232;1;17.6489;16.2944;364.0;2.0;1;344.5959612626846;16.97;0.3232;[0.0]
10;10;by;851;354;877;378;[];0.0;0.0;0;;;366.0;2.0;1;389.49883968832773;;;[]
11;11;Zayde;895;354;967;378;[134.0];0.4365;0.4365;1;18.0008;16.6628;366.0;0.0;1;416.4396394659779;17.33;0.4365;[1.3100800000000277]
12;12;Wolf;984;354;1042;373;[135.0];0.3396;0.3396;1;17.9491;17.2517;363.5;2.5;1;482.0621857380577;17.6;0.3396;[10.728766249741879]
13;13;-;1063;365;1070;367;[];0.0;0.0;0;;;366.0;2.5;1;546.8642348870089;;;[]
14;14;Alone;1090;354;1162;373;[136.0];0.2263;0.2263;1;16.6072;15.4704;363.5;2.5;1;565.2076111647415;16.04;0.2263;[16.81632000000002]
15;15;-;1183;365;1190;367;[];0.0;0.0;0;;;366.0;2.5;1;646.7431850422188;;;[]
16;16;Instrumental;34;453;208;472;[137.0];0.469;0.469;1;17.7552;17.7189;462.5;96.5;2;474.5295828486919;17.74;0.469;[8.123199999999997]
17;17;Remix;228;453;299;472;[];0.0;0.0;0;;;462.5;0.0;2;396.6547438245931;;;[]
18;18;by;318;453;344;477;[138.0];0.3232;0.3232;1;17.5444;17.4064;465.0;2.5;2;357.3371340884594;17.48;0.3232;[5.539199999999994]
19;19;Alan;362;453;419;472;[139.0];0.3076;0.3076;1;16.4776;16.5068;462.5;2.5;2;305.2724058911214;16.49;0.3076;[0.0]
20;20;Walker;436;453;524;472;[140.0];0.2427;0.2427;1;16.6481;17.0411;462.5;0.0;2;246.35435007028718;16.84;0.2427;[21.319191425717793]
21;21;-;545;464;552;466;[];0.0;0.0;0;;;465.0;2.5;2;241.81211193518325;;;[]
22;22;Turn;572;454;629;472;[141.0];0.3718;0.3718;1;17.05;16.6609;463.0;2.0;2;224.12544000000003;16.86;0.3718;[24.180774642215237]
23;23;It;649;454;674;472;[];0.0;0.0;0;;;463.0;0.0;2;225.27553306685041;;;[]
24;24;Up;693;454;720;477;[];0.0;0.0;0;;;465.5;2.5;2;229.06208459401049;;;[]
25;25;by;738;453;764;477;[142.0];0.4368;0.4368;1;16.9674;16.1047;465.0;0.5;2;245.9685642486731;16.54;0.4368;[0.0]
26;26;Anikdote;782;453;899;472;[143.0];0.4692;0.4692;1;18.2784;16.8336;462.5;2.5;2;272.92016451437524;17.56;0.4692;[5.8496000000000095]
27;27;Remember,;918;453;1045;475;[144.0];0.3882;0.3882;1;18.7965;16.7148;464.0;1.5;2;366.0675079251826;17.76;0.3882;[26.739520000000027]
28;28;music;1067;453;1139;472;[145.0];0.3721;0.3721;1;16.5388;16.0427;462.5;1.5;2;494.4482017345737;16.29;0.3721;[6.576639999999998]
29;29;is;1159;453;1184;472;[];0.0;0.0;0;;;462.5;0.0;2;577.9603392954863;;;[]
30;30;up;1203;458;1230;477;[];0.0;0.0;0;;;467.5;5.0;2;616.9590963739441;;;[]
31;31;to;71;553;97;571;[];0.0;0.0;0;;;562.0;94.5;3;543.8551747281197;;;[]
32;32;personal;116;552;231;576;[146.0];0.3718;0.3718;1;17.25;16.7586;564.0;2.0;3;413.1162256297295;17.0;0.3718;[0.0]
33;33;preference;251;553;397;576;[147.0];0.2913;0.2913;1;16.6653;15.6582;564.5;0.5;3;258.8297445784653;16.16;0.2913;[0.5222400000000107]
34;34;and;416;552;457;571;[];0.0;0.0;0;;;561.5;3.0;3;210.49280053853053;;;[]
35;35;you;476;557;517;576;[148.0];0.3074;0.3074;1;16.8193;16.0185;566.5;5.0;3;162.38562953215285;16.42;0.3074;[0.0]
36;36;may;535;557;577;576;[];0.0;0.0;0;;;566.5;0.0;3;129.83535989303377;;;[]
37;37;not;596;553;637;571;[149.0];0.2266;0.2266;1;15.4632;15.2887;562.0;4.5;3;125.12544000000003;15.38;0.2266;[17.021759999999972]
38;38;find;657;552;712;571;[150.0];0.2588;0.2588;1;16.9315;15.6761;561.5;0.5;3;128.84478677289823;16.3;0.2588;[17.021759999999972]
39;39;the;731;552;772;571;[];0.0;0.0;0;;;561.5;0.0;3;163.17374261367428;;;[]
40;40;same;792;557;847;571;[151.0];0.291;0.291;1;16.9909;15.4412;564.0;2.5;3;207.66383189798273;16.22;0.291;[17.90148092805738]
41;41;enjoyment;866;552;997;576;[152.0];0.291;0.291;1;17.0919;16.2501;564.0;0.0;3;268.14679539116935;16.67;0.291;[15.20640000000003]
42;42;from;1017;553;1073;571;[153.0];0.2749;0.2749;1;16.0113;14.712;562.0;2.0;3;410.28008369716616;15.36;0.2749;[33.651520000000005]
43;43;similar;1092;552;1192;571;[];0.0;0.0;0;;;561.5;0.5;3;482.2498388579862;;;[]
44;44;genres;506;654;592;675;[];0.0;0.0;0;;;664.5;103.0;4;40.25438558161828;;;[]
45;45;and;612;651;653;670;[154.0, 155.0];0.7925;0.4529;2;15.2977;14.4756;660.5;4.0;4;26.125440000000026;14.89;0.3962;[8.22386754134577, 26.125440000000026]
46;46;styles.;672;651;769;675;[];0.0;0.0;0;;;663.0;2.5;4;50.37776849517658;;;[]
