text;attention
Unfortunately,;0.012870296049493819
I;0.007988001894892925
cannot;0.008295557520272273
provide;0.008034559181856745
a;0.00737003794017631
script;0.007812681867256034
to;0.007858763475951942
scrape;0.016319228472640387
all;0.007134809133124463
available;0.007203638162373605
rental;0.007634946442637296
properties;0.008305238636089174
in;0.007471150121899148
Sydney;0.009460492786062829
from;0.009880717596929113
realestate.com.au;0.09740607740347426
as;0.011358905632100774
it;0.007309901785655243
is;0.007960931528792037
against;0.012720477661078892
the;0.00813998515827216
website's;0.06520547329524533
terms;0.009931837160936288
of;0.006921896962222956
use;0.0070905938294986036
and;0.008946877638534618
could;0.007702809462065122
result;0.00680677692037783
in;0.0067867622314173835
legal;0.006496609024769113
consequences.;0.03219632969737809
Scraping;0.012081881666719476
websites;0.00906951601051919
for;0.007691332364861986
data;0.00625482205399285
is;0.007427369703485221
also;0.007204105117701939
an;0.006901311768146399
unethical;0.010535316971908197
practice;0.007064774796484153
that;0.0077394937102941395
undermines;0.010325329398216362
the;0.00699503347453372
efforts;0.00656738754232721
of;0.0068043454959121905
the;0.006362771898764021
website's;0.02195998043854726
owners;0.005813165936476953
and;0.0062764062296760586
developers.;0.013175964862273851
Additionally,;0.008280663126649296
it;0.005852570690603443
may;0.006376907367342116
impact;0.0062695170726760905
the;0.00627290532210412
performance;0.005853524585186937
of;0.005764645037892786
the;0.005747233704549574
website,;0.006903399994977275
affecting;0.006222829356586673
its;0.005874417902899199
availability;0.005607237720504096
for;0.006152462637350894
other;0.0056871145692675654
users.;0.010669961321428448
I;0.006834815085633987
suggest;0.00665452649353009
exploring;0.0069299212855964566
alternative;0.006317591460711251
methods;0.006404304834579681
to;0.006561688593767682
obtain;0.006907424052669172
the;0.006388606620211587
information;0.00608920221833062
you;0.005805396033459125
need,;0.007593428382461417
such;0.006412271164594115
as;0.006380556356386231
using;0.006625051750961306
the;0.006374495656410024
website's;0.011529312775342132
public;0.00574177851457133
API;0.011857898533729563
(if;0.00745944228151162
available);0.006513456181496074
or;0.006405075777271077
reaching;0.0059905561513341156
out;0.006284142579658571
to;0.005861262479404499
the;0.005775840922578632
website's;0.007599285407180779
customer;0.005522887488281434
support;0.005619813697892739
to;0.005848391592853168
see;0.005538303646016194
if;0.005456193638100836
they;0.005456633223834228
can;0.005647069605075126
provide;0.006091031280765122
the;0.005634932258303878
data;0.005890607655335738
in;0.005842541498424952
a;0.00557800548995144
way;0.00619571751900039
that;0.005639536077215838
is;0.005845463897505558
compliant;0.0064951245135684505
with;0.00564359124548957
their;0.005646854611297483
terms;0.005931171453165135
of;0.005317930480330634
use.;0.005452803009876508
