text;attention
There;0.015185662974850538
are;0.00793650241551806
a;0.006294054326352242
few;0.008836164107063017
issues;0.009887573644256575
with;0.00924268887830192
your;0.00833051064051128
Java;0.011534076480639248
code:;0.0274159260751904
1.;0.013571089168396423
The;0.008141474248293578
method;0.010675745602016885
return;0.011919069316016176
type;0.012245844791515144
should;0.0112820168247842
be;0.006984388173282371
String;0.010009523134881279
instead;0.008844833764611338
of;0.007518278395634192
int,;0.012289201696936496
as;0.0077468164807190385
you;0.00747596235070455
are;0.006645253596269811
returning;0.008714268910871672
a;0.006394104026347124
string.;0.009430650359083718
2.;0.011366862740393436
You;0.006687512342930227
cannot;0.009018307072910436
declare;0.010264109928392178
a;0.006525881885590449
variable;0.00966557672651213
name;0.00867696749050309
inside;0.007957861511461639
the;0.006433904611272597
method;0.008441411016098464
since;0.00858323934976318
it;0.006429657321451875
is;0.0061456585568442175
already;0.0071666763440857584
a;0.006007432515192227
method;0.006879016626583586
parameter.;0.008839812621008357
I;0.0076170977175380825
changed;0.009731851414034175
the;0.006653472053511148
variable;0.007182132732352672
name;0.007115752380341612
to;0.007419952715164233
template;0.012017483149932793
for;0.007223145858723642
the;0.006091875253365525
string;0.006945478743116533
template.;0.00990367350740093
3.;0.009538351625071724
Add;0.007235966873496675
a;0.007325122534245001
semicolon;0.016425895018804905
";";0.009122475682674507
at;0.0071587468509212515
the;0.006217070310042919
end;0.006865082754106587
of;0.006469494210600081
the;0.006165176892425473
replace();0.012332594495876136
method;0.007021400852921533
call.;0.008501267960142691
4.;0.007719378413803554
Assign;0.009336290449623114
the;0.00681913602338232
result;0.008021929284290791
of;0.007269127002918385
the;0.00606766093752452
replace();0.010793889868788084
method;0.0063332428084433455
to;0.0069924354476305454
a;0.006223280997282542
new;0.006468562157370826
variable;0.007666060735932196
called;0.006505557580569718
result;0.00686697490856778
and;0.006648961716897304
return;0.00738521530895673
it.;0.007214084145012452
Here's;0.008651360862091756
the;0.006219425936432638
corrected;0.007884793128619255
version:;0.008204410189470783
"""""""";0.008519150093626002
public;0.007950865915230088
String;0.007945363135711548
test(String;0.013405194556868467
name);0.008753402453541304
{;0.007331036856247377
String;0.007711530787110876
template;0.009121033249403816
=;0.007176902968143389
"""Hello";0.009261619504945268
$NAME$;0.014206169791800182
how;0.006912176095655286
are;0.006266938747715418
you;0.006206755178476724
"doing?"";";0.009148847216469459
String;0.007233018371716315
result;0.0065091155858922325
=;0.0064809510396634535
template.;0.0071108596341956315
"replace(""$NAME$"",";0.012967552316939378
"name);";0.0064955170803685045
return;0.006970223518857758
"result;";0.006059528076096057
};0.006171628455366713
"""""""";0.006257922553501494
Now;0.007264176154240275
the;0.006262506505304384
code;0.006736453822754819
should;0.006404981475672796
work;0.0061076878620212535
as;0.00584437377708007
expected.;0.005992608684923143
