;number;text;x1;y1;x2;y2;fixations;fix_duration;first_fix_duration;fix_number;pupil_l;pupil_r;y;diff_y;line;distance;pupil;fix_duration_avg;fix_distance
0;0;Sounds;177;346;242;365;[];0.0;0.0;0;;;355.5;;1;733.3690253846896;;;[]
1;1;like;251;346;280;365;[];0.0;0.0;0;;;355.5;0.0;1;702.3731585088439;;;[]
2;2;a;288;351;296;365;[];0.0;0.0;0;;;358.0;2.5;1;689.5319706827883;;;[]
3;3;fun;305;346;332;365;[];0.0;0.0;0;;;355.5;2.5;1;661.1433122959722;;;[]
4;4;idea!;341;346;382;365;[];0.0;0.0;0;;;355.5;0.0;1;623.0209622425955;;;[]
5;5;I;392;347;397;365;[];0.0;0.0;0;;;356.0;0.5;1;611.9178959580195;;;[]
6;6;can;405;351;434;365;[];0.0;0.0;0;;;358.0;2.0;1;585.2739059565953;;;[]
7;7;draw;443;346;486;365;[1201.0];0.2741;0.2741;1;14.1989;12.0087;355.5;2.5;1;549.8581367895628;13.1;0.2741;[75.05376000000001]
8;8;us;494;351;513;365;[];0.0;0.0;0;;;358.0;2.5;1;532.543966441917;;;[]
9;9;a;521;351;529;365;[];0.0;0.0;0;;;358.0;0.0;1;522.6713699770531;;;[]
10;10;playing;538;346;600;370;[];0.0;0.0;0;;;358.0;0.0;1;478.5470754206837;;;[]
11;11;board,;610;346;665;370;[];0.0;0.0;0;;;358.0;0.0;1;448.531309268026;;;[]
12;12;like;675;346;704;365;[];0.0;0.0;0;;;355.5;2.5;1;438.9380377612421;;;[]
13;13;this:;712;346;749;365;[];0.0;0.0;0;;;355.5;0.0;1;426.4525495218543;;;[]
14;14;|\_|A|B|C|;762;346;854;370;[];0.0;0.0;0;;;358.0;2.5;1;410.14464;;;[]
15;15;------;865;356;912;358;[];0.0;0.0;0;;;357.0;1.0;1;422.54747278109426;;;[]
16;16;|1;923;346;938;370;[];0.0;0.0;0;;;358.0;1.0;1;417.20819478252054;;;[]
17;17;|\__I\_|;949;346;1035;370;[];0.0;0.0;0;;;358.0;0.0;1;422.7456570961902;;;[]
18;18;------;1046;356;1093;358;[];0.0;0.0;0;;;357.0;1.0;1;466.8885986546358;;;[]
19;19;[2;213;450;229;475;[1202.0];0.5336;0.5336;1;13.2826;10.5491;462.5;105.5;2;688.8292242593149;11.92;0.5336;[0.0]
20;20;IAAL];239;450;325;475;[1203.0];0.2105;0.2105;1;13.2145;11.0342;462.5;0.0;2;604.261043749876;12.12;0.2105;[0.0]
21;21;------;336;460;383;463;[];0.0;0.0;0;;;461.5;1.0;2;561.6606295207895;;;[]
22;22;[3;394;450;410;475;[1210.0];0.5988;0.5988;1;12.9469;10.6579;462.5;1.0;2;532.6277283372408;11.8;0.5988;[37.20479999999998]
23;23;[LJALIA_|;420;450;506;475;[1204.0];0.2593;0.2593;1;13.7752;10.9675;462.5;0.0;2;457.2636064609664;12.37;0.2593;[2.081920000000025]
24;24;------;517;460;564;463;[1205.0];0.3076;0.3076;1;9.7908;10.768;461.5;1.0;2;424.75552916199877;10.28;0.3076;[4.053760000000011]
25;25;You;572;451;604;470;[];0.0;0.0;0;;;460.5;1.0;2;393.72826491590564;;;[]
26;26;can;613;455;642;470;[];0.0;0.0;0;;;462.5;2.0;2;371.52640955077413;;;[]
27;27;tell;650;450;675;470;[1206.0];0.2269;0.2269;1;13.5363;12.867;460.0;2.5;2;354.4295915886392;13.2;0.2269;[6.632579904200163]
28;28;me;685;456;711;470;[];0.0;0.0;0;;;463.0;3.0;2;338.47374520587204;;;[]
29;29;your;719;455;759;475;[1207.0];0.1622;0.1622;1;10.662;9.8312;465.0;2.0;2;317.4569013168395;10.25;0.1622;[6.3385761712232735]
30;30;move;767;455;814;470;[];0.0;0.0;0;;;462.5;2.5;2;311.84841605127576;;;[]
31;31;by;823;450;843;475;[];0.0;0.0;0;;;462.5;0.0;2;305.16533124470345;;;[]
32;32;writing;851;451;910;475;[1208.0];0.3079;0.3079;1;11.9441;11.9291;463.0;0.5;2;305.17703352921166;11.94;0.3079;[0.0]
33;33;X;919;451;930;470;[];0.0;0.0;0;;;460.5;2.5;2;318.4936084031979;;;[]
34;34;to;937;452;954;470;[];0.0;0.0;0;;;461.0;0.5;2;323.0638466212052;;;[]
35;35;At;961;451;983;470;[1209.0];0.4525;0.4525;1;11.9759;11.9367;460.5;0.5;2;330.5868663357478;11.96;0.4525;[0.24480000000005475]
36;36;and;992;450;1023;470;[];0.0;0.0;0;;;460.0;0.5;2;342.5556202920769;;;[]
37;37;the;1031;450;1059;470;[];0.0;0.0;0;;;460.0;0.0;2;360.8464662341722;;;[]
38;38;game;227;560;276;580;[1211.0, 1220.0];0.6156;0.2588;2;13.182;10.6337;570.0;110.0;3;604.6397997102817;11.91;0.3078;[0.0, 19.31592973041683]
39;39;would;284;555;334;575;[];0.0;0.0;0;;;565.0;5.0;3;552.0828888796406;;;[]
40;40;advance;343;555;416;575;[];0.0;0.0;0;;;565.0;0.0;3;476.9284283765118;;;[]
41;41;like;425;555;454;575;[];0.0;0.0;0;;;565.0;0.0;3;442.92510901244873;;;[]
42;42;this:;462;555;499;575;[1221.0];0.2585;0.2585;1;12.559;11.3658;565.0;0.0;3;403.58125352113365;11.96;0.2585;[30.82911999999999]
43;43;|\_|AJBIC|;512;555;604;579;[1212.0, 1213.0, 1222.0];0.9538;0.2266;3;13.3466;11.7696;567.0;2.0;3;315.1054031172578;12.56;0.3179;[53.83391999999998, 31.341046068055814, 31.201599999999985]
44;44;------;615;565;662;567;[];0.0;0.0;0;;;566.0;1.0;3;281.9408959936277;;;[]
45;45;1;673;555;688;579;[1214.0];0.2903;0.2903;1;12.8719;10.7733;567.0;1.0;3;256.12186605928355;11.82;0.2903;[35.87508275210527]
46;46;[X|\_ILI;699;555;777;579;[1215.0, 1223.0, 1225.0];0.9387;0.3391;3;12.115;11.1061;567.0;0.0;3;212.8306121630288;11.61;0.3129;[30.06765981087327, 37.59136000000001, 29.76800000000003]
47;47;-r---=;788;565;836;567;[1216.0];0.1296;0.1296;1;12.0395;10.0834;566.0;1.0;3;213.4057544530831;11.06;0.1296;[13.350720000000024]
48;48;12;847;555;862;579;[];0.0;0.0;0;;;567.0;1.0;3;201.14513534681765;;;[]
49;49;LILI];873;555;958;579;[1224.0];0.4209;0.4209;1;12.8925;11.836;567.0;0.0;3;202.87577054367432;12.36;0.4209;[75.72511999999995]
50;50;---2-;969;565;1017;567;[1217.0];0.3721;0.3721;1;12.6045;12.4961;566.0;1.0;3;245.8124456444173;12.55;0.3721;[56.62630612856888]
51;51;13;1028;555;1043;579;[1218.0, 1219.0];0.8254;0.5334;2;11.1492;12.7591;567.0;1.0;3;270.89105240610957;11.95;0.4127;[10.881105045058671, 55.649599999999964]
52;52;I\_I_I\_|;246;660;332;684;[];0.0;0.0;0;;;672.0;105.0;4;523.4588800218118;;;[]
53;53;------;343;670;390;672;[];0.0;0.0;0;;;671.0;1.0;4;469.18701264388125;;;[]
54;54;Would;399;660;453;680;[];0.0;0.0;0;;;670.0;1.0;4;406.0952905337485;;;[]
55;55;you;462;665;492;685;[1226.0];0.3229;0.3229;1;12.2034;10.4466;675.0;5.0;4;367.0977496440009;11.32;0.3229;[22.788159999999948]
56;56;like;502;660;531;680;[];0.0;0.0;0;;;670.0;5.0;4;331.0634733607584;;;[]
57;57;to;538;662;555;680;[];0.0;0.0;0;;;671.0;1.0;4;308.2733374680489;;;[]
58;58;make;564;660;611;680;[];0.0;0.0;0;;;670.0;1.0;4;255.9579016043255;;;[]
59;59;the;619;660;646;680;[1227.0];0.2593;0.2593;1;11.3973;10.4922;670.0;0.0;4;224.16666878394204;10.94;0.2593;[0.0]
60;60;first;654;660;689;680;[];0.0;0.0;0;;;670.0;0.0;4;186.68713344440636;;;[]
61;61;move,;697;665;750;684;[1228.0];0.3879;0.3879;1;12.7403;9.0055;674.5;4.5;4;136.25853908540773;10.87;0.3879;[3.5852800000000116]
62;62;or;759;665;777;680;[];0.0;0.0;0;;;672.5;2.0;4;121.92888170441648;;;[]
63;63;do;784;660;804;680;[];0.0;0.0;0;;;670.0;2.5;4;108.81065110406054;;;[]
64;64;you;813;665;843;685;[1232.0];0.1132;0.1132;1;8.3565;7.8245;675.0;5.0;4;95.21097937575055;8.09;0.1132;[95.21097937575055]
65;65;want;852;662;895;680;[1229.0];0.2754;0.2754;1;11.796;10.0757;671.0;4.0;4;100.29263279867368;10.94;0.2754;[46.15935999999999]
66;66;me;903;665;929;680;[1231.0];0.3885;0.3885;1;11.5415;8.5361;672.5;1.5;4;114.95714416115946;10.04;0.3885;[33.021439999999984]
67;67;to;936;662;953;680;[];0.0;0.0;0;;;671.0;1.5;4;134.27437355537953;;;[]
68;68;go;961;665;981;685;[1230.0];0.2758;0.2758;1;11.5964;9.9926;675.0;4.0;4;148.83037658250282;10.79;0.2758;[61.11007033560347]
69;69;first?;989;660;1033;680;[];0.0;0.0;0;;;670.0;5.0;4;174.1261777955561;;;[]
