;number;text;x1;y1;x2;y2;fixations;fix_duration;first_fix_duration;fix_number;pupil_l;pupil_r;y;diff_y;line;distance;pupil;fix_duration_avg;fix_distance
0;0;The;40;57;82;76;[];0.0;0.0;0;;;66.5;;1;1194.577436315457;;;[]
1;1;number;101;57;187;76;[1120.0];0.3234;0.3234;1;19.6387;21.4988;66.5;0.0;1;1115.7280077841594;20.57;0.3234;[27.8848]
2;2;of;206;58;232;76;[];0.0;0.0;0;;;67.0;0.5;1;1083.2948496849826;;;[]
3;3;calories;251;57;367;76;[1121.0];0.2425;0.2425;1;19.701;20.0878;66.5;0.5;1;991.8991699532818;19.89;0.2425;[3.7724800000000016]
4;4;you;386;62;427;81;[];0.0;0.0;0;;;71.5;5.0;1;950.6175054952489;;;[]
5;5;need;446;57;502;76;[];0.0;0.0;0;;;66.5;5.0;1;911.4001291167395;;;[]
6;6;to;521;58;547;76;[1122.0];0.2586;0.2586;1;18.5129;20.0833;67.0;0.5;1;887.5127826425992;19.3;0.2586;[7.52800000000002]
7;7;consume;566;62;667;76;[1123.0];0.2912;0.2912;1;19.612;20.504;69.0;2.0;1;832.3994974493975;20.06;0.2912;[42.78976]
8;8;every;686;62;757;81;[];0.0;0.0;0;;;71.5;2.5;1;795.6765032059258;;;[]
9;9;day;775;57;817;81;[1124.0];0.2588;0.2588;1;18.971;19.8442;69.0;2.5;1;779.2984599972012;19.41;0.2588;[34.27744]
10;10;depends;835;57;937;81;[1125.0];0.3073;0.3073;1;18.3241;18.6216;69.0;0.0;1;759.8131834563083;18.47;0.3073;[0.0]
11;11;on;956;62;982;76;[];0.0;0.0;0;;;69.0;0.0;1;762.292680900197;;;[]
12;12;various;1000;57;1102;76;[1126.0];0.2911;0.2911;1;19.3367;20.2909;66.5;2.5;1;762.03136;19.81;0.2911;[13.581223503293073]
13;13;factors;1122;58;1222;76;[];0.0;0.0;0;;;67.0;0.5;1;771.4284019622362;;;[]
14;14;such;63;156;118;175;[];0.0;0.0;0;;;165.5;98.5;2;1104.9855371334095;;;[]
15;15;as;138;161;163;175;[];0.0;0.0;0;;;168.0;2.5;2;1069.327723980824;;;[]
16;16;your;182;161;239;180;[1127.0];0.3074;0.3074;1;19.1159;20.1001;170.5;2.5;2;1007.527067067684;19.61;0.3074;[0.0]
17;17;age,;258;159;310;180;[];0.0;0.0;0;;;169.5;1.0;2;954.8883170685509;;;[]
18;18;height,;333;156;430;180;[1128.0, 1132.0];0.502;0.2266;2;19.2875;19.6642;168.0;1.5;2;871.8610451637402;19.48;0.251;[0.0, 29.8176]
19;19;weight,;451;156;550;180;[1133.0];0.4529;0.4529;1;18.4401;19.5172;168.0;0.0;2;798.2929700767817;18.98;0.4529;[72.71296000000001]
20;20;and;573;156;614;175;[];0.0;0.0;0;;;165.5;2.5;2;768.1941840928044;;;[]
21;21;physical;632;156;748;180;[1129.0];0.2587;0.2587;1;19.6141;19.7375;168.0;2.5;2;705.3368979955675;19.68;0.2587;[0.0]
22;22;activity;768;156;884;180;[];0.0;0.0;0;;;168.0;0.0;2;668.5203473896734;;;[]
23;23;level.;902;156;985;175;[1130.0];0.2912;0.2912;1;19.4989;19.8883;165.5;2.5;2;663.2481976409808;19.69;0.2912;[0.0]
24;24;On;1006;157;1033;175;[1131.0];0.2589;0.2589;1;18.6672;18.0216;166.0;0.5;2;663.0436779534283;18.34;0.2589;[0.0]
25;25;average,;1053;159;1165;180;[];0.0;0.0;0;;;169.5;3.5;2;660.0079663716261;;;[]
26;26;a;1188;161;1199;175;[];0.0;0.0;0;;;168.0;1.5;2;688.637830266396;;;[]
27;27;sedentary;34;255;164;279;[1134.0, 1137.0];0.6469;0.2264;2;19.6118;20.0033;267.0;99.0;3;1007.318391370876;19.81;0.3234;[18.46624, 0.0]
28;28;adult;183;255;254;274;[];0.0;0.0;0;;;264.5;2.5;3;936.788739894972;;;[]
29;29;man;272;260;314;274;[1138.0];0.3076;0.3076;1;18.3487;19.3966;267.0;2.5;3;889.6168474090458;18.87;0.3076;[16.943994331254945]
30;30;in;334;255;359;274;[];0.0;0.0;0;;;264.5;2.5;3;855.2934462475494;;;[]
31;31;his;378;255;419;274;[1139.0];0.3881;0.3881;1;17.5945;18.2761;264.5;0.0;3;811.1546530680876;17.94;0.3881;[7.960000000000008]
32;32;late;438;255;494;274;[];0.0;0.0;0;;;264.5;0.0;3;759.0475025938822;;;[]
33;33;thirties;513;255;629;274;[];0.0;0.0;0;;;264.5;0.0;3;676.1873580554501;;;[]
34;34;needs;648;255;719;274;[];0.0;0.0;0;;;264.5;0.0;3;631.0283917495389;;;[]
35;35;about;738;255;809;274;[];0.0;0.0;0;;;264.5;0.0;3;596.124415868038;;;[]
36;36;2,500;828;256;900;277;[1135.0, 1136.0];0.5823;0.3234;2;19.1174;19.0444;266.5;2.0;3;570.2207486877425;19.08;0.2912;[0.0, 4.371199999999931]
37;37;to;918;256;944;274;[];0.0;0.0;0;;;265.0;1.5;3;567.0013678943019;;;[]
38;38;2,800;963;256;1035;277;[];0.0;0.0;0;;;266.5;1.5;3;561.03136;;;[]
39;39;calories;1053;255;1169;274;[1140.0, 1141.0];0.3558;0.2425;2;15.575;18.2846;264.5;2.0;3;566.3361369310717;16.93;0.1779;[2.481599999999986, 30.91647999999998]
40;40;per;1188;260;1229;279;[];0.0;0.0;0;;;269.5;5.0;3;589.1753036185492;;;[]
41;41;day;76;354;118;378;[];0.0;0.0;0;;;366.0;96.5;4;996.4995258975338;;;[]
42;42;to;137;355;163;373;[];0.0;0.0;0;;;364.0;2.0;4;959.2212272015302;;;[]
43;43;maintain;181;354;298;373;[1142.0];0.3722;0.3722;1;18.4957;19.0497;363.5;0.5;4;843.689276163926;18.77;0.3722;[0.0]
44;44;his;317;354;358;373;[];0.0;0.0;0;;;363.5;0.0;4;794.3151683771433;;;[]
45;45;weight.;375;354;474;378;[];0.0;0.0;0;;;366.0;2.5;4;700.2634677848114;;;[]
46;46;However,;497;355;609;376;[1143.0];0.2749;0.2749;1;18.0388;18.953;365.5;0.5;4;606.5387718472823;18.5;0.2749;[24.951197286735535]
47;47;if;633;354;658;373;[1144.0];0.2427;0.2427;1;19.1519;19.4749;363.5;2.0;4;578.4129551747692;19.31;0.2427;[37.584]
48;48;you;677;359;718;378;[];0.0;0.0;0;;;368.5;5.0;4;540.6118987906292;;;[]
49;49;are;737;359;778;373;[1145.0];0.2912;0.2912;1;19.2388;19.0227;366.0;2.5;4;516.1506860539948;19.13;0.2912;[24.83807999999999]
50;50;physically;797;354;943;378;[1146.0];0.4045;0.4045;1;19.728;19.7005;366.0;0.0;4;463.7940761954701;19.71;0.4045;[4.334720000000004]
51;51;active,;962;354;1059;376;[1147.0];0.3232;0.3232;1;19.1024;19.699;365.0;1.0;4;462.03135999999995;19.4;0.3232;[0.0]
52;52;you;1082;359;1123;378;[];0.0;0.0;0;;;368.5;3.5;4;466.94272658861445;;;[]
53;53;may;1141;359;1183;378;[];0.0;0.0;0;;;368.5;0.0;4;480.5844553395475;;;[]
54;54;require;19;453;118;477;[1148.0];0.3402;0.3402;1;19.4579;19.53;465.0;96.5;5;954.8434928479168;19.49;0.3402;[16.489333965639734]
55;55;more;135;458;193;472;[];0.0;0.0;0;;;465.0;0.0;5;887.9147759971165;;;[]
56;56;calories;212;453;327;472;[1149.0];0.356;0.356;1;17.5932;18.8893;462.5;2.5;5;767.8201600856867;18.24;0.356;[0.0]
57;57;to;347;454;373;472;[];0.0;0.0;0;;;463.0;0.5;5;727.7139722679575;;;[]
58;58;fuel;392;453;447;472;[1150.0];0.2261;0.2261;1;18.0729;18.9186;462.5;0.5;5;664.7990540261092;18.5;0.2261;[33.518399999999986]
59;59;your;466;458;523;477;[];0.0;0.0;0;;;467.5;5.0;5;599.787288823304;;;[]
60;60;daily;541;453;613;477;[1151.0];0.2425;0.2425;1;18.8521;19.1437;465.0;2.5;5;530.6903803857854;19.0;0.2425;[35.65856000000002]
61;61;activities;632;453;777;472;[];0.0;0.0;0;;;462.5;2.5;5;429.6338420492612;;;[]
62;62;and;797;453;838;472;[];0.0;0.0;0;;;462.5;0.0;5;401.075196732495;;;[]
63;63;support;857;454;957;477;[1152.0];0.1938;0.1938;1;18.5855;19.6314;465.5;3.0;5;363.81987388542916;19.11;0.1938;[36.582392897130184]
64;64;weight;975;453;1062;477;[1153.0];0.1942;0.1942;1;8.652;6.6955;465.0;0.5;5;361.03135999999995;7.67;0.1942;[69.01728000000003]
65;65;management.;1080;454;1239;477;[];0.0;0.0;0;;;465.5;0.5;5;369.36991517178217;;;[]
66;66;It's;34;553;89;571;[];0.0;0.0;0;;;562.0;96.5;6;951.2091186242957;;;[]
67;67;important;109;552;239;576;[1154.0];0.2264;0.2264;1;19.6336;19.8071;564.0;2.0;6;806.7006593241445;19.72;0.2264;[2.0095999999999776]
68;68;to;258;553;284;571;[];0.0;0.0;0;;;562.0;2.0;6;766.0091457378362;;;[]
69;69;note;303;553;359;571;[];0.0;0.0;0;;;562.0;0.0;6;696.2048917912093;;;[]
70;70;that;378;552;434;571;[1156.0];0.2752;0.2752;1;18.5922;19.233;561.5;0.5;6;627.6005826590743;18.91;0.2752;[24.83456000000001]
71;71;calorie;453;552;554;571;[1155.0];0.3394;0.3394;1;18.6339;18.677;561.5;0.0;6;521.5098036988467;18.66;0.3394;[21.281280000000038]
72;72;needs;573;552;644;571;[1157.0];0.3561;0.3561;1;19.4843;20.0136;561.5;0.0;6;446.58701655333596;19.75;0.3561;[39.928319999999985]
73;73;are;663;557;704;571;[1158.0];0.2589;0.2589;1;18.3338;18.9292;564.0;2.5;6;400.106180099745;18.63;0.2589;[37.07424000000003]
74;74;not;723;553;764;571;[1159.0];0.3717;0.3717;1;17.44;17.7759;562.0;2.0;6;357.6729614522316;17.61;0.3717;[18.379839999999945]
75;75;one-size-fits-all;783;552;1033;571;[1160.0, 1161.0];0.7762;0.291;2;17.8103;18.361;561.5;0.5;6;267.03135999999995;18.09;0.3881;[34.08127999999999, 23.16543999999999]
76;76;and;1053;552;1094;571;[1162.0];0.2424;0.2424;1;17.4994;17.7677;561.5;0.0;6;271.8657612756884;17.63;0.2424;[10.41664000000003]
77;77;can;1113;557;1154;571;[1163.0];0.2588;0.2588;1;16.3758;16.191;564.0;2.5;6;289.19886610083654;16.28;0.2588;[5.872000000000071]
78;78;vary;1172;557;1229;576;[];0.0;0.0;0;;;566.5;2.5;6;312.3692996342784;;;[]
79;79;greatly;78;651;180;675;[];0.0;0.0;0;;;663.0;96.5;7;837.9706651631724;;;[]
80;80;from;199;652;256;670;[1164.0];0.3721;0.3721;1;18.5421;18.6934;661.0;2.0;7;764.6492480046061;18.62;0.3721;[19.710720000000038]
81;81;person;273;656;359;675;[1165.0];0.3881;0.3881;1;17.4331;17.7726;665.5;4.5;7;663.3059086680968;17.6;0.3881;[21.160960000000046]
82;82;to;379;652;405;670;[];0.0;0.0;0;;;661.0;4.5;7;620.1563264806782;;;[]
83;83;person.;423;656;521;675;[];0.0;0.0;0;;;665.5;4.5;7;507.8387607046252;;;[]
84;84;To;542;652;570;670;[1166.0];0.259;0.259;1;16.9728;17.7596;661.0;4.5;7;463.48958701788496;17.37;0.259;[6.439679999999953]
85;85;determine;588;651;720;670;[1167.0];0.2428;0.2428;1;17.985;19.2394;660.5;0.5;7;328.23021992804007;18.61;0.2428;[23.72904181987974]
86;86;your;738;656;795;675;[];0.0;0.0;0;;;665.5;5.0;7;263.45968130628563;;;[]
87;87;individual;814;651;959;670;[1168.0];0.2589;0.2589;1;18.1792;19.2815;660.5;5.0;7;173.43575777217794;18.73;0.2589;[29.68927950506043]
88;88;calorie;979;651;1080;670;[1169.0];0.2101;0.2101;1;19.2483;20.3518;660.5;0.0;7;168.03135999999995;19.8;0.2101;[33.50847999999996]
89;89;needs,;1099;651;1181;673;[];0.0;0.0;0;;;662.0;1.5;7;191.4482225407423;;;[]
90;90;consider;41;750;157;769;[];0.0;0.0;0;;;759.5;97.5;8;847.7735702379555;;;[]
91;91;working;174;750;278;774;[];0.0;0.0;0;;;762.0;2.5;8;726.7845485382924;;;[]
92;92;with;294;750;352;769;[];0.0;0.0;0;;;759.5;2.5;8;653.6139918897159;;;[]
93;93;a;371;755;382;769;[];0.0;0.0;0;;;762.0;2.5;8;623.7898254973462;;;[]
94;94;registered;404;750;547;774;[];0.0;0.0;0;;;762.0;0.0;8;459.4422279177324;;;[]
95;95;dietitian;565;750;697;769;[];0.0;0.0;0;;;759.5;2.5;8;312.6738786563559;;;[]
96;96;or;716;755;742;769;[];0.0;0.0;0;;;762.0;2.5;8;268.9678389585074;;;[]
97;97;a;761;755;772;769;[];0.0;0.0;0;;;762.0;0.0;8;240.0962190331401;;;[]
98;98;healthcare;791;750;937;769;[];0.0;0.0;0;;;759.5;2.5;8;94.78883053403281;;;[]
99;99;provider.;956;750;1083;774;[];0.0;0.0;0;;;762.0;2.5;8;64.03135999999995;;;[]
100;100;They;1105;750;1162;774;[];0.0;0.0;0;;;762.0;0.0;8;121.31605991792512;;;[]
101;101;can;1181;755;1222;769;[];0.0;0.0;0;;;762.0;0.0;8;191.88856973256537;;;[]
102;102;take;86;849;142;868;[];0.0;0.0;0;;;858.5;96.5;9;860.0283488316007;;;[]
103;103;into;162;849;217;868;[];0.0;0.0;0;;;858.5;0.0;9;785.0350315712093;;;[]
104;104;account;236;850;337;868;[];0.0;0.0;0;;;859.0;0.5;9;665.0661035370917;;;[]
105;105;your;356;854;412;873;[];0.0;0.0;0;;;863.5;4.5;9;590.1744752139062;;;[]
106;106;personal;431;849;546;873;[];0.0;0.0;0;;;861.0;2.5;9;456.09031297979743;;;[]
107;107;circumstances;566;849;757;868;[1170.0, 1171.0];0.5663;0.2426;2;19.1238;20.1787;858.5;2.5;9;245.20385150729095;19.65;0.2832;[31.573759999999993, 49.02272000000005]
108;108;and;776;849;817;868;[];0.0;0.0;0;;;858.5;0.0;9;185.28335271688493;;;[]
109;109;provide;836;849;937;873;[1172.0];0.2748;0.2748;1;19.7734;19.5407;861.0;2.5;9;65.8779537782527;19.66;0.2748;[13.508159999999975]
110;110;you;956;854;997;873;[];0.0;0.0;0;;;863.5;2.5;9;16.720741431216545;;;[]
111;111;with;1014;849;1072;868;[1173.0];0.2425;0.2425;1;17.6432;19.1442;858.5;5.0;9;16.288376039667106;18.39;0.2425;[16.288376039667106]
112;112;a;1091;854;1102;868;[];0.0;0.0;0;;;861.0;2.5;9;90.46216885532651;;;[]
113;113;more;1120;854;1177;868;[];0.0;0.0;0;;;861.0;0.0;9;119.11681994583974;;;[]
114;114;accurate;507;949;623;967;[];0.0;0.0;0;;;958.0;97.0;10;394.8715082074289;;;[]
115;115;estimate.;641;948;769;967;[];0.0;0.0;0;;;957.5;0.5;10;257.60962310055424;;;[]
