;number;text;x1;y1;x2;y2;fixations;fix_duration;first_fix_duration;fix_number;pupil_l;pupil_r;y;diff_y;line;distance;pupil;fix_duration_avg;fix_distance
0;0;It;65;206;90;224;[];0.0;0.0;0;;;215.0;;1;614.8671635707003;;;[]
1;1;is;110;205;135;224;[];0.0;0.0;0;;;214.5;0.5;1;578.0788085006043;;;[]
2;2;possible;155;205;271;229;[2689.0, 2690.0];0.5502;0.2914;2;17.6338;17.4696;217.0;2.5;1;471.9625409261612;17.55;0.2751;[66.99743999999998, 24.973374045683144]
3;3;that;290;205;345;224;[];0.0;0.0;0;;;214.5;2.5;1;427.69305446485606;;;[]
4;4;a;365;210;376;224;[];0.0;0.0;0;;;217.0;2.5;1;409.9565987241556;;;[]
5;5;mouse;393;210;466;224;[2691.0];0.259;0.259;1;18.225;18.3148;217.0;0.0;1;368.53951326483076;18.27;0.259;[2.6297600000000045]
6;6;or;484;210;511;224;[];0.0;0.0;0;;;217.0;0.0;1;354.647505048997;;;[]
7;7;other;529;205;601;224;[2692.0];0.2589;0.2589;1;17.915;17.9572;214.5;2.5;1;343.26527999999996;17.94;0.2589;[3.7273600000000044]
8;8;small;620;205;690;224;[2693.0];0.2908;0.2908;1;19.2051;18.6288;214.5;0.0;1;343.84000470782684;18.92;0.2908;[1.751039999999989]
9;9;rodent;712;205;795;224;[];0.0;0.0;0;;;214.5;0.0;1;361.0351739615939;;;[]
10;10;has;815;205;855;224;[2694.0];0.2911;0.2911;1;18.6504;18.9108;214.5;0.0;1;404.97040489087397;18.78;0.2911;[5.720000000000027]
11;11;died;874;205;931;224;[];0.0;0.0;0;;;214.5;0.0;1;439.13201299549826;;;[]
12;12;in;950;205;975;224;[2695.0];0.2909;0.2909;1;17.7916;17.4495;214.5;0.0;1;490.14433469895215;17.62;0.2909;[8.995199999999954]
13;13;your;994;210;1051;229;[2697.0];0.1457;0.1457;1;15.6575;13.6947;219.5;5.0;1;519.1902849991305;14.68;0.1457;[28.822720000000004]
14;14;home.;1070;205;1137;224;[2696.0];0.275;0.275;1;17.3498;16.6777;214.5;5.0;1;581.9026970529338;17.01;0.275;[10.158080000000012]
15;15;The;1158;205;1201;224;[];0.0;0.0;0;;;214.5;0.0;1;655.0207789356598;;;[]
16;16;mouse;25;309;98;323;[];0.0;0.0;0;;;316.0;101.5;2;558.3888030731619;;;[]
17;17;will;115;304;172;323;[];0.0;0.0;0;;;313.5;2.5;2;492.90882665811364;;;[]
18;18;begin;192;304;262;328;[2698.0];0.3077;0.3077;1;18.9384;18.0451;316.0;2.5;2;414.2202537267804;18.49;0.3077;[0.0]
19;19;to;282;306;308;323;[];0.0;0.0;0;;;314.5;1.5;2;380.79429538463194;;;[]
20;20;emit;326;304;382;323;[];0.0;0.0;0;;;313.5;1.0;2;327.48336048947334;;;[]
21;21;a;402;309;413;323;[2699.0];0.5497;0.5497;1;17.7482;17.2911;316.0;2.5;2;307.70507860202497;17.52;0.5497;[4.36082195261398]
22;22;putrid;432;304;518;328;[];0.0;0.0;0;;;316.0;0.0;2;252.96814542048247;;;[]
23;23;smell;537;304;607;323;[2700.0];0.2749;0.2749;1;17.6871;16.1414;313.5;2.5;2;244.26527999999996;16.91;0.2749;[7.52800000000002]
24;24;of;626;305;653;323;[];0.0;0.0;0;;;314.0;0.5;2;245.63160911714596;;;[]
25;25;rotting;674;304;773;328;[2701.0];0.275;0.275;1;17.2118;16.4052;316.0;2.0;2;250.40955771990494;16.81;0.275;[11.198803337214166]
26;26;flesh;792;304;862;323;[];0.0;0.0;0;;;313.5;2.5;2;310.6129285742601;;;[]
27;27;and;882;304;923;323;[];0.0;0.0;0;;;313.5;0.0;2;372.9843849244609;;;[]
28;28;disease.;941;304;1054;323;[];0.0;0.0;0;;;313.5;0.0;2;419.3557527892975;;;[]
29;29;Or;1075;305;1103;323;[];0.0;0.0;0;;;314.0;0.5;2;534.0121191485063;;;[]
30;30;perhaps,;1122;304;1234;328;[];0.0;0.0;0;;;316.0;2.0;2;574.1064871585048;;;[]
31;31;one;64;408;106;422;[];0.0;0.0;0;;;415.0;99.0;3;515.0383305711123;;;[]
32;32;of;124;404;151;422;[];0.0;0.0;0;;;413.0;2.0;3;472.0359752788746;;;[]
33;33;your;169;408;226;427;[];0.0;0.0;0;;;417.5;4.5;3;399.557391569069;;;[]
34;34;neighbors;245;403;375;427;[];0.0;0.0;0;;;415.0;2.5;3;265.2488739985117;;;[]
35;35;has;395;403;435;422;[];0.0;0.0;0;;;412.5;2.5;3;219.93012062352523;;;[]
36;36;eaten;454;405;525;422;[];0.0;0.0;0;;;413.5;1.0;3;163.54270988790168;;;[]
37;37;too;545;405;586;422;[];0.0;0.0;0;;;413.5;0.0;3;145.950683305966;;;[]
38;38;many;603;408;661;427;[];0.0;0.0;0;;;417.5;4.0;3;140.29467971907698;;;[]
39;39;beans;680;403;750;422;[];0.0;0.0;0;;;412.5;5.0;3;165.77556501933088;;;[]
40;40;and;770;403;811;422;[];0.0;0.0;0;;;412.5;0.0;3;223.5139770964635;;;[]
41;41;you;829;408;870;427;[];0.0;0.0;0;;;417.5;5.0;3;268.4338673816671;;;[]
42;42;simply;890;403;976;427;[];0.0;0.0;0;;;415.0;2.5;3;322.025038090951;;;[]
43;43;need;995;403;1051;422;[];0.0;0.0;0;;;412.5;2.5;3;420.74445683511794;;;[]
44;44;to;1070;405;1096;422;[];0.0;0.0;0;;;413.5;1.0;3;491.81469880177275;;;[]
45;45;open;1114;408;1170;427;[];0.0;0.0;0;;;417.5;4.0;3;532.6713631851054;;;[]
46;46;a;1190;408;1201;422;[];0.0;0.0;0;;;415.0;2.5;3;607.4956608548562;;;[]
47;47;window.;32;502;131;521;[];0.0;0.0;0;;;511.5;96.5;4;471.4038147039949;;;[]
48;48;Utilizing;154;502;286;526;[];0.0;0.0;0;;;514.0;2.5;4;316.82680397573426;;;[]
49;49;a;304;507;315;521;[];0.0;0.0;0;;;514.0;0.0;4;288.8571489810809;;;[]
50;50;window-fan;332;502;480;521;[];0.0;0.0;0;;;511.5;2.5;4;128.72922169219535;;;[]
51;51;could;499;502;570;521;[];0.0;0.0;0;;;511.5;0.0;4;55.21025735747292;;;[]
52;52;massively;588;502;721;526;[];0.0;0.0;0;;;514.0;2.5;4;41.26527999999996;;;[]
53;53;improve;740;502;840;526;[];0.0;0.0;0;;;514.0;0.0;4;145.83209426418597;;;[]
54;54;your;859;507;915;526;[];0.0;0.0;0;;;516.5;2.5;4;262.14029777483364;;;[]
55;55;air;934;502;975;521;[];0.0;0.0;0;;;511.5;5.0;4;337.0622917466124;;;[]
56;56;quality;994;502;1096;526;[];0.0;0.0;0;;;514.0;2.5;4;396.02774614599724;;;[]
57;57;rapidly.;1117;502;1226;526;[];0.0;0.0;0;;;514.0;0.0;4;518.5166224119324;;;[]
58;58;If;49;602;74;620;[];0.0;0.0;0;;;611.0;97.0;5;527.2733381818944;;;[]
59;59;the;93;601;134;620;[];0.0;0.0;0;;;610.5;0.5;5;467.3471340636191;;;[]
60;60;smell;154;601;223;620;[2705.0, 2706.0];0.5334;0.2747;2;17.8184;18.7084;610.5;0.0;5;378.6338068866518;18.26;0.2667;[25.038170179276317, 8.027200000000022]
61;61;is;244;601;269;620;[];0.0;0.0;0;;;610.5;0.0;5;332.8419801008856;;;[]
62;62;possibly;288;601;405;625;[2707.0];0.3071;0.3071;1;17.4433;17.7585;613.0;2.5;5;198.02264445633074;17.6;0.3071;[0.0]
63;63;chemically;423;601;570;625;[2708.0];0.2585;0.2585;1;18.0671;18.4649;613.0;0.0;5;45.229721616193906;18.27;0.2585;[0.20896000000004733]
64;64;related,;591;601;700;624;[2702.0, 2709.0];0.5012;0.2424;2;18.3252;17.2928;612.5;0.5;5;33.73472000000004;17.81;0.2506;[8.472639999999956, 33.73472000000004]
65;65;or;723;606;749;620;[];0.0;0.0;0;;;613.0;0.5;5;128.83286427569024;;;[]
66;66;something;769;601;900;625;[2703.0];0.2742;0.2742;1;17.2431;17.9491;613.0;0.0;5;172.20854716731813;17.6;0.2742;[32.30560000000003]
67;67;more;917;606;974;620;[];0.0;0.0;0;;;613.0;0.0;5;319.2307048475733;;;[]
68;68;concerning,;993;601;1150;625;[];0.0;0.0;0;;;613.0;0.0;5;394.3176888214355;;;[]
69;69;you;1173;606;1214;625;[];0.0;0.0;0;;;615.5;2.5;5;574.1800300580634;;;[]
70;70;need;34;700;90;719;[];0.0;0.0;0;;;709.5;94.0;6;527.1139177421503;;;[]
71;71;to;109;702;135;719;[];0.0;0.0;0;;;710.5;1.0;6;484.24942039973405;;;[]
72;72;find;155;700;210;719;[];0.0;0.0;0;;;709.5;1.0;6;412.09023560074604;;;[]
73;73;the;229;700;270;719;[];0.0;0.0;0;;;709.5;0.0;6;355.8131564142596;;;[]
74;74;source;290;705;375;719;[];0.0;0.0;0;;;712.0;2.5;6;263.91943747567814;;;[]
75;75;of;394;701;420;719;[];0.0;0.0;0;;;710.0;2.0;6;224.34587519604275;;;[]
76;76;that;439;700;495;719;[];0.0;0.0;0;;;709.5;0.5;6;169.32336601154134;;;[]
77;77;stank;515;700;586;719;[];0.0;0.0;0;;;709.5;0.0;6;133.48447953780396;;;[]
78;78;and;604;700;645;719;[];0.0;0.0;0;;;709.5;0.0;6;132.79118298094346;;;[]
79;79;remove;667;705;750;719;[];0.0;0.0;0;;;712.0;2.5;6;153.11014818580256;;;[]
80;80;it;770;700;795;719;[];0.0;0.0;0;;;709.5;2.5;6;215.58061665529772;;;[]
81;81;from;815;701;871;719;[];0.0;0.0;0;;;710.0;0.5;6;253.09079737809205;;;[]
82;82;your;889;705;945;724;[];0.0;0.0;0;;;714.5;4.5;6;320.0279448383819;;;[]
83;83;dwelling;964;700;1081;724;[];0.0;0.0;0;;;712.0;2.5;6;387.32588123888445;;;[]
84;84;using;1099;700;1171;724;[];0.0;0.0;0;;;712.0;0.0;6;516.228416766724;;;[]
85;85;any;1189;705;1231;724;[];0.0;0.0;0;;;714.5;2.5;6;604.7653143802796;;;[]
86;86;means;521;804;593;818;[2704.0];0.2422;0.2422;1;16.1901;17.4988;811.0;96.5;7;236.84200648845723;16.84;0.2422;[0.0]
87;87;necessary.;612;804;754;823;[];0.0;0.0;0;;;813.5;2.5;7;237.03221729857404;;;[]
