text;attention
One;0.0004927883891315788
can;1.1357597191161616e-16
identify;1.4759653729243587e-17
multiple;1.0954710959944637e-17
risks;1.4746161109510723e-17
with;1.51016771621149e-17
AI;2.004352053457586e-17
code;1.591566889381003e-17
generation;1.692917403223186e-17
or;1.510378001242826e-17
completion:;2.516178375590576e-17
-;2.2957443577426538e-17
Lack;1.5658442144075967e-17
of;1.3095191313957076e-17
learning:;3.1928774297938656e-17
if;1.559697638468836e-17
an;1.3121978118617495e-17
Al;1.167868095549204e-17
writes;1.8058884911354654e-17
the;1.2357836407216031e-17
code;1.3144713609138665e-17
for;1.2011322354304576e-17
you,;1.6987783428061894e-17
you;1.154467507741844e-17
will;1.0827419005126898e-17
often;1.115028917523336e-17
not;1.0552505529350574e-17
learn;1.2297303846770497e-17
as;9.444067867052246e-18
much.;0.9995072116108673
-;1.525418330006034e-17
Lack;1.1314121242558604e-17
of;1.0102147210730544e-17
reviewing:;2.4509076263755142e-17
a;1.0507271344642663e-17
code;1.1316545202972961e-17
might;1.3419920564858201e-17
work;1.0968077192591686e-17
but;1.1378803931023213e-17
have;1.0927545670042262e-17
bugs;1.3087160129171217e-17
or;1.0420419675746008e-17
security;1.0869626578986935e-17
issues.;1.726493201540662e-17
Sometimes,;2.0495278178041297e-17
programmers;1.7042134812332027e-17
are;1.3033708629585115e-17
lazy;1.544602029513474e-17
and;1.0804470642568441e-17
do;9.64299856155798e-18
not;9.94430061910695e-18
review;1.1019924574884361e-17
the;1.0019007470330426e-17
code;1.1696226187691057e-17
written;1.0194082406819017e-17
by;1.030499893235215e-17
the;9.297197716608694e-18
AI;1.166764249136653e-17
-;1.151343977260674e-17
Security;1.1663160857133141e-17
issues:;1.5937912189033696e-17
because;1.3241809039617556e-17
Al;9.823906796754481e-18
is;1.0481039435099067e-17
trained;1.2535873707403203e-17
on;1.2258270430331461e-17
human;1.0391447881154021e-17
code;1.0297730598895982e-17
data,;1.2488366243644214e-17
it;9.7079111800158e-18
can;9.6714294516415e-18
reproduce;1.502965451977146e-17
security;1.146480293992344e-17
issues;1.0946790256483638e-17
that;9.719469812017564e-18
are;9.111241100239047e-18
often;9.224073989383262e-18
made;9.313199014618686e-18
by;9.203452584932555e-18
humans.;1.2149661377072798e-17
-;1.1143743369233233e-17
Intellectual;1.1224311043547706e-17
Property;1.2161674244723799e-17
issues:;1.577264929549867e-17
AI;1.1493532632869312e-17
can;1.052198298200647e-17
sometime;1.3224089880181386e-17
copy;1.3176403798630043e-17
parts;1.2091995005833372e-17
of;9.48166625370396e-18
code;9.411776262359836e-18
they;1.0209319086667616e-17
have;8.783670148232421e-18
been;8.707769302975115e-18
trained;9.407930089832959e-18
on.;9.977263156845448e-18
This;1.0326373400553779e-17
can;8.677728841537339e-18
lead;8.548282388997053e-18
to;9.000149523265523e-18
IP;9.301072906842345e-18
issues.;8.461589463664616e-18
