;number;text;x1;y1;x2;y2;fixations;fix_duration;first_fix_duration;fix_number;pupil_l;pupil_r;y;diff_y;line;distance;pupil;fix_duration_avg;fix_distance
0;0;The;218;188;250;208;[];0.0;0.0;0;;;198.0;;1;741.6594402625334;;;[]
1;1;main;259;189;300;208;[476.0];0.2266;0.2266;1;17.6833;18.9447;198.5;0.5;1;714.1000527450858;18.31;0.2266;[13.988159999999993]
2;2;difference;309;188;397;208;[477.0];0.2266;0.2266;1;16.7742;17.6467;198.0;0.5;1;668.1058267449359;17.21;0.2266;[26.642745864013342]
3;3;between;405;188;479;208;[];0.0;0.0;0;;;198.0;0.0;1;638.2012677287114;;;[]
4;4;ChatGPT;488;188;564;208;[];0.0;0.0;0;;;198.0;0.0;1;617.2536999731426;;;[]
5;5;and;571;188;602;208;[];0.0;0.0;0;;;198.0;0.0;1;611.4892081881203;;;[]
6;6;Instructional;611;188;722;208;[478.0];0.3555;0.3555;1;17.0021;17.4361;198.0;0.0;1;606.97088;17.22;0.3555;[16.264960000000002]
7;7;GPT;731;189;766;208;[];0.0;0.0;0;;;198.5;0.5;1;609.4397956570725;;;[]
8;8;is;774;189;786;208;[];0.0;0.0;0;;;198.5;0.0;1;614.7998065472486;;;[]
9;9;that;794;188;829;208;[479.0];0.3072;0.3072;1;17.6652;18.6597;198.0;0.5;1;618.2967460132185;18.16;0.3072;[17.718805702416837]
10;10;ChatGPT;837;188;913;208;[480.0];0.3883;0.3883;1;18.8079;20.8722;198.0;0.0;1;627.9098691138198;19.84;0.3883;[4.028160000000014]
11;11;is;921;189;933;208;[];0.0;0.0;0;;;198.5;0.5;1;654.478015314903;;;[]
12;12;better;942;188;995;208;[481.0];0.3718;0.3718;1;15.5846;16.6262;198.0;0.5;1;662.619151346031;16.11;0.3718;[5.472000000000008]
13;13;suited;1002;188;1054;208;[];0.0;0.0;0;;;198.0;0.0;1;688.883394872118;;;[]
14;14;for;256;293;280;313;[];0.0;0.0;0;;;303.0;105.0;2;639.490372508089;;;[]
15;15;conversational;288;293;416;313;[475.0, 482.0];0.5502;0.2265;2;15.5973;17.6429;303.0;0.0;2;565.4007178369465;16.62;0.2751;[20.380479999999977, 22.759360000000015]
16;16;applications,;425;293;536;318;[483.0, 484.0];0.55;0.2913;2;15.9369;16.7724;305.5;2.5;2;516.3677438904704;16.35;0.275;[15.659839999999974, 12.34208000000001]
17;17;while;545;293;590;313;[485.0];0.2749;0.2749;1;16.4419;17.2385;303.0;2.5;2;509.3181015146962;16.84;0.2749;[19.336000000000013]
18;18;Instructional;598;293;709;313;[486.0, 487.0];0.5501;0.2911;2;14.4534;16.0134;303.0;0.0;2;501.97087999999997;15.23;0.275;[27.92736000000002, 11.338559999999973]
19;19;GPT;718;294;753;313;[490.0];0.1943;0.1943;1;14.3911;17.1872;303.5;0.5;2;503.7083860037813;15.79;0.1943;[7.163839999999993]
20;20;is;761;298;773;313;[];0.0;0.0;0;;;305.5;2.0;2;509.08356458496513;;;[]
21;21;better;781;293;834;313;[];0.0;0.0;0;;;303.0;2.5;2;512.7944419848311;;;[]
22;22;suited;841;293;893;313;[488.0];0.307;0.307;1;13.9144;15.0358;303.0;0.0;2;528.331649374268;14.48;0.307;[18.844479999999976]
23;23;for;902;293;926;313;[489.0];0.356;0.356;1;15.7102;16.6392;303.0;0.0;2;550.4190466640252;16.17;0.356;[16.110400000000027]
24;24;providing;934;293;1016;318;[];0.0;0.0;0;;;305.5;2.5;2;559.8586612088219;;;[]
25;25;explanations;215;398;327;422;[];0.0;0.0;0;;;410.0;104.5;3;525.7048935386986;;;[]
26;26;and;335;398;366;418;[491.0];0.2426;0.2426;1;16.2748;16.8859;408.0;2.0;3;503.79452848411756;16.58;0.2426;[36.17471999999998]
27;27;descriptions.;375;398;487;422;[492.0, 493.0];0.6469;0.3881;2;15.0796;16.4824;410.0;2.0;3;436.14464010295296;15.78;0.3235;[40.31551999999999, 28.41791999999998]
28;28;ChatGPT;496;398;573;418;[494.0, 503.0];0.5821;0.3073;2;16.7458;17.2518;408.0;2.0;3;410.1655633162472;17.0;0.291;[56.076160000000016, 10.661760000000015]
29;29;is;581;399;593;418;[];0.0;0.0;0;;;408.5;0.5;3;405.5956771595752;;;[]
30;30;able;601;398;637;418;[474.0, 495.0];0.6462;0.3394;2;14.1794;15.3232;408.0;0.5;3;398.90148424207996;14.75;0.3231;[37.526400000000024, 0.0]
31;31;to;644;400;661;418;[];0.0;0.0;0;;;409.0;1.0;3;397.2617159134949;;;[]
32;32;generate;669;400;747;422;[496.0, 497.0, 498.0, 504.0];0.9705;0.1457;4;15.2581;16.5765;411.0;2.0;3;392.97087999999997;15.92;0.2426;[5.304959999999994, 7.592960000000005, 27.202560000000005, 0.0]
33;33;more;756;403;801;418;[];0.0;0.0;0;;;410.5;0.5;3;404.9125522017493;;;[]
34;34;natural-sounding;809;398;960;422;[499.0, 500.0, 501.0, 502.0, 505.0];1.4233;0.3557;5;15.3189;16.1775;410.0;0.5;3;414.8040229922251;15.75;0.2847;[50.485119999999995, 34.34688, 19.713919999999973, 29.636480000000006, 17.696640000000002]
35;35;responses;970;403;1058;422;[];0.0;0.0;0;;;412.5;2.5;3;490.65822391001905;;;[]
36;36;than;218;503;257;522;[];0.0;0.0;0;;;512.5;100.0;4;511.42862169664926;;;[]
37;37;Instructional;266;503;376;522;[506.0];0.3234;0.3234;1;15.3092;15.6558;512.5;0.0;4;419.4651545605837;15.48;0.3234;[17.269120000000044]
38;38;GPT,;386;503;425;527;[];0.0;0.0;0;;;515.0;2.5;4;382.13592331856785;;;[]
39;39;and;434;503;465;522;[];0.0;0.0;0;;;512.5;2.5;4;361.1602147116074;;;[]
40;40;can;474;508;503;522;[];0.0;0.0;0;;;515.0;2.5;4;340.3375123176027;;;[]
41;41;provide;512;503;578;527;[507.0];0.3074;0.3074;1;13.9182;15.4433;515.0;0.0;4;304.25343628385593;14.68;0.3074;[19.826239999999984]
42;42;more;586;508;631;522;[];0.0;0.0;0;;;515.0;0.0;4;296.4368936055942;;;[]
43;43;context-sensitive;639;504;792;522;[508.0, 509.0, 511.0];0.728;0.275;3;14.8345;16.243;513.0;2.0;4;292.97087999999997;15.54;0.2427;[8.127999999999986, 34.76224000000002, 30.017920000000004]
44;44;and;800;503;830;522;[];0.0;0.0;0;;;512.5;0.5;4;318.05466934244873;;;[]
45;45;personalized;840;503;950;527;[510.0];0.3559;0.3559;1;13.4139;14.3463;515.0;2.5;4;331.2977390362548;13.88;0.3559;[0.0]
46;46;responses.;960;508;1053;527;[];0.0;0.0;0;;;517.5;2.5;4;404.3149464100163;;;[]
47;47;Additionally,;242;608;352;632;[512.0];0.3234;0.3234;1;14.1828;14.9298;620.0;102.5;5;372.26730381613476;14.56;0.3234;[28.77696000000003]
48;48;ChatGPT;361;608;438;627;[513.0];0.259;0.259;1;13.1512;14.1578;617.5;2.5;5;303.4329077251418;13.65;0.259;[14.187840000000051]
49;49;is;446;608;458;627;[];0.0;0.0;0;;;617.5;0.0;5;287.99929425353525;;;[]
50;50;more;466;613;511;627;[];0.0;0.0;0;;;620.0;2.5;5;250.2470041589597;;;[]
51;51;efficient;519;608;589;627;[514.0];0.2591;0.2591;1;12.4072;12.9268;617.5;2.5;5;207.2115167902942;12.67;0.2591;[27.18240000000003]
52;52;and;597;608;628;627;[];0.0;0.0;0;;;617.5;0.0;5;194.05189380816253;;;[]
53;53;faster;636;608;687;627;[515.0];0.2424;0.2424;1;14.8818;15.142;617.5;0.0;5;187.97087999999997;15.01;0.2424;[69.12]
54;54;than;694;608;733;627;[516.0];0.2587;0.2587;1;12.5488;12.9748;617.5;0.0;5;188.8119400105152;12.76;0.2587;[16.895999999999958]
55;55;Instructional;742;608;852;627;[517.0];0.2587;0.2587;1;15.0293;15.0457;617.5;0.0;5;199.15547266026707;15.04;0.2587;[80.59903999999995]
56;56;GPT,;861;608;901;632;[];0.0;0.0;0;;;620.0;2.5;5;260.05763647802075;;;[]
57;57;and;910;608;941;627;[];0.0;0.0;0;;;617.5;2.5;5;299.99373308543363;;;[]
58;58;is;951;608;963;627;[];0.0;0.0;0;;;617.5;0.0;5;332.9398911072904;;;[]
59;59;able;971;608;1007;627;[518.0];0.4207;0.4207;1;14.8472;15.5433;617.5;0.0;5;349.62985440396017;15.2;0.4207;[4.290560000000028]
60;60;to;1014;609;1031;627;[];0.0;0.0;0;;;618.0;0.5;5;386.5785465989213;;;[]
61;61;generate;242;714;321;737;[];0.0;0.0;0;;;725.5;107.5;6;363.655553361329;;;[]
62;62;text;328;714;363;732;[520.0];0.5985;0.5985;1;12.5634;13.8866;723.0;2.5;6;324.00216772505456;13.22;0.5985;[1.5526399999999967]
63;63;more;371;718;416;732;[];0.0;0.0;0;;;725.0;2.0;6;273.10689169359017;;;[]
64;64;quickly.;424;713;491;737;[];0.0;0.0;0;;;725.0;0.0;6;200.94254275920366;;;[]
65;65;On;500;713;523;732;[];0.0;0.0;0;;;722.5;2.5;6;174.22375466776737;;;[]
66;66;the;532;713;559;732;[];0.0;0.0;0;;;722.5;0.0;6;143.59537558895966;;;[]
67;67;other;567;713;614;732;[535.0];0.8897;0.8897;1;14.8329;14.67;722.5;0.0;6;103.69574673309602;14.75;0.8897;[1.603839999999991]
68;68;hand,;622;713;670;737;[519.0, 521.0, 524.0];0.6472;0.1941;3;14.5293;15.3303;725.0;2.5;6;78.21686704627331;14.93;0.2157;[37.09856000000002, 9.751999999999953, 27.86656000000005]
69;69;Instructional;679;713;790;732;[522.0, 529.0, 530.0, 531.0, 536.0];2.039;0.2914;5;14.5106;14.9645;722.5;2.5;6;83.01816602728825;14.74;0.4078;[7.484479999999962, 37.239040000000045, 77.79967999999997, 0.0, 24.08352000000002]
70;70;GPT;799;713;834;732;[];0.0;0.0;0;;;722.5;0.0;6;148.20391320924827;;;[]
71;71;is;842;713;854;732;[];0.0;0.0;0;;;722.5;0.0;6;185.40317551362057;;;[]
72;72;more;863;718;907;732;[];0.0;0.0;0;;;725.0;2.5;6;204.39913084583895;;;[]
73;73;accurate;915;714;990;732;[523.0, 537.0, 538.0];1.0999;0.356;3;14.608;15.5559;723.0;2.0;6;252.8050060630414;15.08;0.3666;[26.27135999999996, 26.96673887244064, 28.06335999999999]
74;74;and;998;713;1029;732;[];0.0;0.0;0;;;722.5;0.5;6;332.3257990143624;;;[]
75;75;detailed,;342;817;418;841;[540.0];0.3557;0.3557;1;14.2215;16.3496;829.0;106.5;7;258.20637306335874;15.29;0.3557;[0.0]
76;76;and;427;817;458;837;[525.0];0.3074;0.3074;1;12.4993;15.496;827.0;2.0;7;218.2078346222573;14.0;0.3074;[1.1849600000000464]
77;77;is;467;818;479;837;[541.0];0.453;0.453;1;13.4143;15.5691;827.5;0.5;7;197.22166344125182;14.49;0.453;[2.9360000000000355]
78;78;better;488;817;541;837;[];0.0;0.0;0;;;827.0;0.5;7;135.2136261274521;;;[]
79;79;at;548;819;564;837;[526.0];0.2587;0.2587;1;13.9509;16.0821;828.0;1.0;7;112.27072089611966;15.02;0.2587;[1.0944000000000642]
80;80;providing;573;817;654;842;[534.0, 539.0, 542.0];0.9379;0.2425;3;14.2726;16.6001;829.5;1.5;7;22.29094638041193;15.44;0.3126;[34.008640000000014, 36.19146429311757, 12.187199999999962]
81;81;factually;663;817;737;842;[527.0, 528.0, 532.0, 533.0, 543.0, 545.0, 546.0, 548.0, 549.0, 551.0];4.6903;0.3237;10;13.639;14.9952;829.5;0.0;7;2.0291200000000345;14.32;0.469;[13.067840000000047, 8.214079999999967, 34.991679999999974, 21.46464000000003, 30.87519999999995, 2.5839999999999463, 0.0, 1.7901289088777779, 8.306240000000003, 2.0291200000000345]
82;82;accurate;745;819;820;837;[544.0, 547.0, 550.0];1.7149;0.5825;3;15.2679;15.3847;828.0;1.5;7;68.91947453756741;15.33;0.5716;[0.0, 17.924800000000005, 0.0]
83;83;information.;829;817;936;837;[];0.0;0.0;0;;;827.0;1.0;7;152.81507219686938;;;[]
