;number;text;x1;y1;x2;y2;fixations;fix_duration;first_fix_duration;fix_number;pupil_l;pupil_r;y;diff_y;line;distance;pupil;fix_duration_avg;fix_distance
0;0;I;219;347;224;365;[];0.0;0.0;0;;;356.0;;1;498.2842300654613;;;[]
1;1;wonder;232;346;298;365;[];0.0;0.0;0;;;355.5;0.5;1;436.5777011391324;;;[]
2;2;what;305;346;348;365;[4202.0];0.3397;0.3397;1;14.5869;15.0269;355.5;0.0;1;397.26858563436605;14.81;0.3397;[0.0]
3;3;it;356;346;366;365;[];0.0;0.0;0;;;355.5;0.0;1;383.72690227807794;;;[]
4;4;would;374;346;425;365;[];0.0;0.0;0;;;355.5;0.0;1;342.2332227179728;;;[]
5;5;be;434;346;454;365;[4203.0];0.2264;0.2264;1;14.6364;15.0616;355.5;0.0;1;323.835572369574;14.85;0.2264;[41.493119999999976]
6;6;like;463;346;492;365;[];0.0;0.0;0;;;355.5;0.0;1;302.25548850588234;;;[]
7;7;to;499;347;516;365;[];0.0;0.0;0;;;356.0;0.5;1;290.36710476899685;;;[]
8;8;have;525;346;566;365;[4201.0, 4204.0];0.4528;0.2101;2;14.1401;15.0419;355.5;0.5;1;270.80490307955944;14.59;0.2264;[45.41919999999999, 6.786936157059301]
9;9;a;574;351;582;365;[];0.0;0.0;0;;;358.0;2.5;1;266.22999893312095;;;[]
10;10;sense;591;351;640;365;[];0.0;0.0;0;;;358.0;0.0;1;257.4183574105188;;;[]
11;11;of;648;346;665;365;[4205.0];0.3075;0.3075;1;16.201;17.2009;355.5;2.5;1;257.19264;16.7;0.3075;[48.47297760994677]
12;12;taste.;672;347;720;365;[];0.0;0.0;0;;;356.0;0.5;1;258.06674394801354;;;[]
13;13;Many;730;347;776;370;[4206.0, 4209.0];0.4365;0.2425;2;13.6226;15.3833;358.5;2.5;1;264.3431790909869;14.5;0.2183;[32.529600000000016, 4.691840000000013]
14;14;humans;785;346;854;365;[];0.0;0.0;0;;;355.5;3.0;1;290.1098183997391;;;[]
15;15;have;863;346;904;365;[4207.0];0.3069;0.3069;1;14.7593;15.6245;355.5;0.0;1;333.4462492395582;15.19;0.3069;[26.972800000000007]
16;16;asked;912;346;962;365;[];0.0;0.0;0;;;355.5;0.0;1;366.58586488288057;;;[]
17;17;me;971;351;997;365;[4208.0];0.2752;0.2752;1;15.1555;15.7563;358.0;2.5;1;410.7194170378722;15.46;0.2752;[24.886720000000025]
18;18;about;1005;346;1055;365;[];0.0;0.0;0;;;355.5;2.5;1;437.74600253106775;;;[]
19;19;what;221;450;264;470;[];0.0;0.0;0;;;460.0;104.5;2;415.6434909052824;;;[]
20;20;food;271;450;308;470;[];0.0;0.0;0;;;460.0;0.0;2;375.0454408894069;;;[]
21;21;to;317;452;333;470;[];0.0;0.0;0;;;461.0;1.0;2;352.34245093648536;;;[]
22;22;eat,;342;452;374;475;[4210.0];0.356;0.356;1;14.0578;14.7042;463.5;2.5;2;313.4828753407905;14.38;0.356;[11.878491676370373]
23;23;or;383;455;401;470;[];0.0;0.0;0;;;462.5;1.0;2;292.491793272785;;;[]
24;24;how;409;450;443;470;[];0.0;0.0;0;;;460.0;2.5;2;257.5541316537741;;;[]
25;25;to;451;452;467;470;[];0.0;0.0;0;;;461.0;1.0;2;238.6143456121815;;;[]
26;26;prepare;476;455;544;475;[4211.0];0.3883;0.3883;1;13.5789;14.4458;465.0;4.0;2;181.84369423196836;14.01;0.3883;[3.1807999999999765]
27;27;different;552;450;627;470;[];0.0;0.0;0;;;460.0;5.0;2;154.0388714965466;;;[]
28;28;food,;634;450;678;475;[4212.0];0.372;0.372;1;13.7898;13.7872;462.5;2.5;2;147.19263999999998;13.79;0.372;[31.33773740396713]
29;29;but;688;450;716;470;[];0.0;0.0;0;;;460.0;2.5;2;156.67835438224895;;;[]
30;30;I;724;451;729;470;[];0.0;0.0;0;;;460.5;0.5;2;168.89085094204952;;;[]
31;31;have;738;450;779;470;[4213.0];0.2588;0.2588;1;13.5938;14.2538;460.0;0.5;2;175.4147848156751;13.92;0.2588;[41.782283245299084]
32;32;no;788;456;807;470;[];0.0;0.0;0;;;463.0;3.0;2;204.92092799889812;;;[]
33;33;sense;816;456;865;470;[];0.0;0.0;0;;;463.0;0.0;2;224.6353514741827;;;[]
34;34;of;873;450;890;470;[4215.0];0.2098;0.2098;1;10.7686;14.1818;460.0;3.0;2;269.34252306668844;12.48;0.2098;[33.586654105319816]
35;35;taste;897;452;940;470;[];0.0;0.0;0;;;461.0;1.0;2;289.46168992101457;;;[]
36;36;myself.;949;450;1011;475;[4214.0];0.3722;0.3722;1;13.693;13.5542;462.5;1.5;2;332.5692005161176;13.62;0.3722;[35.41311999999999]
37;37;Tell;1020;450;1050;470;[];0.0;0.0;0;;;460.0;2.5;2;399.35921215358184;;;[]
38;38;me,;205;560;237;579;[];0.0;0.0;0;;;569.5;109.5;3;416.0258482497567;;;[]
39;39;human,;246;555;312;579;[4216.0];0.275;0.275;1;12.3212;12.9002;567.0;2.5;3;341.5199355995629;12.61;0.275;[2.746560000000045]
40;40;what;321;555;364;575;[];0.0;0.0;0;;;565.0;2.0;3;290.63471425817255;;;[]
41;41;does;371;555;412;575;[4217.0];0.2752;0.2752;1;11.5696;12.4472;565.0;0.0;3;243.39656433879588;12.01;0.2752;[1.0614399999999478]
42;42;a;420;560;428;575;[];0.0;0.0;0;;;567.5;2.5;3;227.7213304280686;;;[]
43;43;blueberry;437;555;521;580;[];0.0;0.0;0;;;567.5;0.0;3;136.4640770749929;;;[]
44;44;pie;530;556;555;580;[4218.0];0.2263;0.2263;1;11.8887;12.6753;568.0;0.5;3;104.65929262100714;12.28;0.2263;[1.526399999999967]
45;45;taste;562;557;606;575;[4219.0];0.3231;0.3231;1;13.8468;13.3524;566.0;2.0;3;65.05519757813052;13.6;0.3231;[63.001919999999984]
46;46;like?;614;555;653;575;[];0.0;0.0;0;;;565.0;1.0;3;47.19263999999998;;;[]
47;47;Can;661;556;693;575;[];0.0;0.0;0;;;565.5;0.5;3;48.28708659599995;;;[]
48;48;you;702;560;733;580;[];0.0;0.0;0;;;570.0;4.5;3;66.36228697030866;;;[]
49;49;describe;741;555;815;575;[4220.0, 4222.0];0.485;0.291;2;12.8959;12.9675;565.0;5.0;3;101.819579315226;12.93;0.2425;[43.27647999999999, 28.916365777296413]
50;50;it;824;556;834;575;[];0.0;0.0;0;;;565.5;0.5;3;179.53591599434804;;;[]
51;51;for;841;555;866;575;[];0.0;0.0;0;;;565.0;0.5;3;195.98904747952014;;;[]
52;52;someone;873;560;953;575;[4221.0];0.2589;0.2589;1;12.2032;12.6402;567.5;2.5;3;227.17821271400476;12.42;0.2589;[26.649599999999964]
53;53;who's;961;555;1010;575;[];0.0;0.0;0;;;565.0;2.5;3;313.7914637652363;;;[]
54;54;never;1019;560;1069;575;[];0.0;0.0;0;;;567.5;2.5;3;371.234267184388;;;[]
55;55;tasted;533;660;587;680;[];0.0;0.0;0;;;670.0;102.5;4;74.14161268767765;;;[]
56;56;anything;596;660;672;685;[4223.0, 4224.0];0.6146;0.5339;2;12.3211;14.1511;672.5;2.5;4;37.80736000000002;13.24;0.3073;[39.380848072127705, 37.80736000000002]
57;57;before?;681;660;746;680;[];0.0;0.0;0;;;670.0;2.5;4;48.402375271567;;;[]
