;number;text;x1;y1;x2;y2;fixations;fix_duration;first_fix_duration;fix_number;pupil_l;pupil_r;y;diff_y;line;distance;pupil;fix_duration_avg;fix_distance
0;0;To;216;189;237;208;[];0.0;0.0;0;;;198.5;;1;724.9308920010117;;;[]
1;1;rename;246;193;312;208;[];0.0;0.0;0;;;200.5;2.0;1;679.9051391020532;;;[]
2;2;all;320;188;338;208;[];0.0;0.0;0;;;198.0;2.5;1;665.5591740614672;;;[]
3;3;the;347;188;375;208;[3454.0];0.2588;0.2588;1;14.3533;16.1157;198.0;0.0;1;646.3991075004532;15.23;0.2588;[23.127039999999994]
4;4;files;382;188;417;208;[];0.0;0.0;0;;;198.0;0.0;1;626.590518742011;;;[]
5;5;in;426;189;439;208;[];0.0;0.0;0;;;198.5;0.5;1;617.1022850203865;;;[]
6;6;a;448;193;456;208;[];0.0;0.0;0;;;200.5;2.0;1;610.2128335076069;;;[]
7;7;directory;465;188;544;213;[3455.0];0.2101;0.2101;1;15.7916;17.3741;200.5;0.0;1;576.4073099617859;16.58;0.2101;[63.7376]
8;8;with;552;188;587;208;[];0.0;0.0;0;;;198.0;2.5;1;571.4808817251741;;;[]
9;9;numbers;597;188;674;208;[];0.0;0.0;0;;;198.0;0.0;1;561.3911205010126;;;[]
10;10;in;682;189;696;208;[];0.0;0.0;0;;;198.5;0.5;1;560.9523528584067;;;[]
11;11;order,;704;188;757;212;[3456.0];0.2424;0.2424;1;15.4961;16.4949;200.0;1.5;1;557.0070480859127;16.0;0.2424;[35.50592]
12;12;we;766;193;789;208;[];0.0;0.0;0;;;200.5;0.5;1;565.2792780364255;;;[]
13;13;can;797;193;826;208;[];0.0;0.0;0;;;200.5;0.0;1;569.9383810355137;;;[]
14;14;use;836;193;865;208;[];0.0;0.0;0;;;200.5;0.0;1;578.1122574183862;;;[]
15;15;the;872;188;900;208;[];0.0;0.0;0;;;198.0;2.5;1;587.8570899269502;;;[]
16;16;following;908;188;986;213;[3457.0];0.2266;0.2266;1;14.9248;14.5675;200.5;2.5;1;594.9332827951235;14.75;0.2266;[69.86112]
17;17;Python;996;188;1055;213;[];0.0;0.0;0;;;200.5;0.0;1;631.6389941868554;;;[]
18;18;program:;210;298;291;318;[];0.0;0.0;0;;;308.0;107.5;2;606.2495787853237;;;[]
19;19;°°“;304;292;318;296;[3458.0];0.2913;0.2913;1;15.5527;17.1682;294.0;14.0;2;605.5683989917096;16.36;0.2913;[4.122880000000009]
20;20;python;327;292;396;318;[];0.0;0.0;0;;;305.0;11.0;2;541.7316972241724;;;[]
21;21;import;405;294;463;318;[3459.0];0.2263;0.2263;1;14.2216;15.1834;306.0;1.0;2;507.67755886722273;14.7;0.2263;[17.42144000000002]
22;22;os;471;298;489;313;[];0.0;0.0;0;;;305.5;0.5;2;500.8203699704939;;;[]
23;23;path;498;293;535;318;[];0.0;0.0;0;;;305.5;0.0;2;478.89545391179314;;;[]
24;24;=;545;301;556;308;[];0.0;0.0;0;;;304.5;1.0;2;481.7995829983484;;;[]
25;25;'/path/to/folder';565;293;708;318;[3460.0, 3461.0];0.6471;0.2911;2;14.9443;15.6379;305.5;1.0;2;450.95232;15.29;0.3236;[3.290239999999983, 0.0]
26;26;files;716;293;751;313;[];0.0;0.0;0;;;303.0;2.5;2;456.3823780311663;;;[]
27;27;=;760;301;771;308;[3462.0];0.3235;0.3235;1;14.7486;16.0539;304.5;1.5;2;465.3477217924059;15.4;0.3235;[0.0]
28;28;os.;780;288;804;322;[];0.0;0.0;0;;;305.0;0.5;2;454.7418577801942;;;[]
29;29;listdir(path);808;293;912;318;[3463.0, 3481.0];0.6146;0.3236;2;15.5145;15.9171;305.5;0.5;2;464.6063105225567;15.72;0.3073;[61.88319999999999, 20.728959999999972]
30;30;for;921;293;945;313;[];0.0;0.0;0;;;303.0;2.5;2;508.3612445666786;;;[]
31;31;index,;953;293;1005;317;[3464.0];0.3395;0.3395;1;14.8434;15.393;305.0;2.0;2;519.8184764101622;15.12;0.3395;[44.28858047480863]
32;32;file;1014;293;1040;313;[];0.0;0.0;0;;;303.0;2.0;2;555.7827300100124;;;[]
33;33;in;1048;294;1062;312;[];0.0;0.0;0;;;303.0;0.0;2;576.6925451376864;;;[]
34;34;enumerate(files):;208;398;362;422;[3465.0];0.2587;0.2587;1;15.1402;15.6336;410.0;107.0;3;481.72627623722417;15.39;0.2587;[0.0]
35;35;os.rename(os.path.join(path,;373;398;637;422;[3466.0, 3467.0];0.4852;0.2588;2;14.1267;14.3339;410.0;0.0;3;351.96534661438244;14.23;0.2426;[24.73151999999999, 71.23136]
36;36;file),;646;398;686;422;[3482.0];0.2748;0.2748;1;15.2212;15.5055;410.0;0.0;3;347.10198676668847;15.36;0.2748;[28.336000000000013]
37;37;os.path.join(path,;695;398;855;422;[3468.0, 3470.0];0.3561;0.2752;2;15.1653;15.6111;410.0;0.0;3;346.95232;15.39;0.178;[54.796159999999986, 34.6336]
38;38;""".join({str(index";864;398;1010;422;[3469.0, 3480.0];0.647;0.3236;2;15.116;15.0565;410.0;0.0;3;385.402954344388;15.09;0.3235;[31.879039999999975, 0.0]
39;39;+;1019;401;1031;417;[];0.0;0.0;0;;;409.0;1.0;3;477.57244520321984;;;[]
40;40;1),;1041;398;1063;422;[];0.0;0.0;0;;;410.0;1.0;3;489.15076327997525;;;[]
41;41;‘jpg'])));215;503;291;527;[3471.0];0.3397;0.3397;1;15.5635;16.3426;515.0;105.0;4;471.93376867668877;15.95;0.3397;[0.0]
42;42;°°;314;502;328;506;[];0.0;0.0;0;;;504.0;11.0;4;452.4480870303049;;;[]
43;43;The;339;503;372;522;[];0.0;0.0;0;;;512.5;8.5;4;407.5363802378659;;;[]
44;44;above;380;503;432;522;[3472.0];0.2589;0.2589;1;13.2157;13.9117;512.5;0.0;4;361.63913120316835;13.56;0.2589;[58.18464]
45;45;code;440;503;481;522;[];0.0;0.0;0;;;512.5;0.0;4;327.556171087315;;;[]
46;46;will;489;503;516;522;[3473.0];0.2588;0.2588;1;14.1967;13.9135;512.5;0.0;4;305.7034596097702;14.06;0.2588;[39.15272816127124]
47;47;rename;526;508;592;522;[3483.0];0.1941;0.1941;1;14.9802;15.8653;515.0;2.5;4;268.0325003005837;15.42;0.1941;[9.199360000000013]
48;48;all;600;503;618;522;[];0.0;0.0;0;;;512.5;2.5;4;259.0355906383955;;;[]
49;49;the;627;503;654;522;[3474.0];0.243;0.243;1;14.3232;14.4207;512.5;0.0;4;250.530663227842;14.37;0.243;[80.81504000000001]
50;50;files;662;503;697;522;[];0.0;0.0;0;;;512.5;0.0;4;246.95232;;;[]
51;51;in;706;504;719;522;[];0.0;0.0;0;;;513.0;0.5;4;247.14701134624792;;;[]
52;52;the;727;503;755;522;[];0.0;0.0;0;;;512.5;0.5;4;248.8665932128746;;;[]
53;53;directory;763;503;842;527;[3475.0];0.259;0.259;1;14.1318;13.9938;515.0;2.5;4;251.0064421830292;14.06;0.259;[38.78896516600567]
54;54;specified;850;503;926;527;[3477.0];0.2102;0.2102;1;13.3838;14.5607;515.0;0.0;4;286.70163239399665;13.97;0.2102;[0.0]
55;55;by;936;503;955;527;[];0.0;0.0;0;;;515.0;0.0;4;340.6593636132469;;;[]
56;56;‘path’;964;503;1011;527;[3476.0];0.2748;0.2748;1;13.8046;14.3286;515.0;0.0;4;360.9183425892655;14.07;0.2748;[36.486080000000015]
57;57;with;1020;503;1056;522;[];0.0;0.0;0;;;512.5;2.5;4;407.23097772318647;;;[]
58;58;numbers;224;608;301;627;[];0.0;0.0;0;;;617.5;105.0;5;419.91329821450336;;;[]
59;59;in;310;608;323;627;[3478.0];0.372;0.372;1;14.4424;15.707;617.5;0.0;5;399.27776048433054;15.07;0.372;[0.29955914274150564]
60;60;order,;332;608;384;632;[];0.0;0.0;0;;;620.0;2.5;5;340.91022691814686;;;[]
61;61;starting;393;608;460;632;[];0.0;0.0;0;;;620.0;0.0;5;273.02490512292536;;;[]
62;62;with;469;608;505;627;[3479.0];0.5502;0.5502;1;14.9936;14.8193;617.5;2.5;5;238.1277850595818;14.91;0.5502;[0.0]
63;63;1.;515;609;528;627;[];0.0;0.0;0;;;618.0;0.5;5;220.08864127297076;;;[]
64;64;The;537;608;569;627;[3484.0];0.2264;0.2264;1;13.5507;14.6014;617.5;0.5;5;190.599753455723;14.08;0.2264;[0.03999999999996362]
65;65;extension;577;608;662;627;[];0.0;0.0;0;;;617.5;0.0;5;146.01217078511777;;;[]
66;66;of;670;608;687;627;[];0.0;0.0;0;;;617.5;0.0;5;142.24961868976098;;;[]
67;67;the;694;608;721;627;[3485.0];0.2262;0.2262;1;14.6769;14.903;617.5;0.0;5;141.95232;14.79;0.2262;[54.80448000000001]
68;68;files;729;608;764;627;[];0.0;0.0;0;;;617.5;0.0;5;145.6942895839861;;;[]
69;69;can;772;613;801;627;[3486.0];0.2913;0.2913;1;12.4932;14.2727;620.0;2.5;5;160.92642423599176;13.38;0.2913;[64.15647999999999]
70;70;be;810;608;830;627;[];0.0;0.0;0;;;617.5;2.5;5;181.94153461313442;;;[]
71;71;changed;838;608;911;632;[3487.0];0.3234;0.3234;1;12.7828;12.8379;620.0;2.5;5;197.14321397751027;12.81;0.3234;[43.53024000000005]
72;72;in;921;608;934;627;[3491.0];0.34;0.34;1;13.8484;14.3513;617.5;2.5;5;265.8742146530618;14.1;0.34;[15.923199999999952]
73;73;the;943;608;970;627;[];0.0;0.0;0;;;617.5;0.0;5;284.7185452642353;;;[]
74;74;code;978;608;1019;627;[3488.0];0.1455;0.1455;1;9.3861;13.1031;617.5;0.0;5;315.5411383914661;11.24;0.1455;[0.0]
75;75;by;1028;608;1047;632;[];0.0;0.0;0;;;620.0;2.5;5;358.96028584981707;;;[]
76;76;modifying;215;713;301;737;[];0.0;0.0;0;;;725.0;105.0;6;396.4816106925798;;;[]
77;77;the;310;713;337;732;[];0.0;0.0;0;;;722.5;2.5;6;361.0877550089208;;;[]
78;78;'.jpg';346;713;388;737;[3489.0];0.3557;0.3557;1;12.8191;14.7512;725.0;2.5;6;309.8439278368747;13.79;0.3557;[0.0]
79;79;part.;398;714;437;737;[3490.0];0.3881;0.3881;1;12.941;13.6135;725.5;0.5;6;261.15406107771406;13.28;0.3881;[0.0]
80;80;The;446;713;478;732;[];0.0;0.0;0;;;722.5;3.0;6;221.2989444560963;;;[]
81;81;code;486;713;527;732;[];0.0;0.0;0;;;722.5;0.0;6;173.18027259876456;;;[]
82;82;uses;536;718;574;732;[3493.0];0.307;0.307;1;13.6117;13.8933;725.0;2.5;6;127.65719257990284;13.75;0.307;[0.0]
83;83;the;582;713;609;732;[];0.0;0.0;0;;;722.5;2.5;6;94.69909618038812;;;[]
84;84;'os';618;713;645;732;[3492.0];0.4851;0.4851;1;13.5005;13.5783;722.5;0.0;6;63.135527378666914;13.54;0.4851;[5.740800000000036]
85;85;module;655;713;719;732;[3495.0];0.1942;0.1942;1;14.009;15.1357;722.5;0.0;6;36.952319999999986;14.57;0.1942;[36.952319999999986]
86;86;to;727;714;743;732;[];0.0;0.0;0;;;723.0;0.5;6;48.11036081118493;;;[]
87;87;get;752;714;779;737;[];0.0;0.0;0;;;725.5;2.5;6;64.30772595405935;;;[]
88;88;the;787;713;814;732;[];0.0;0.0;0;;;722.5;3.0;6;98.0385986098455;;;[]
89;89;list;823;713;847;732;[];0.0;0.0;0;;;722.5;0.0;6;132.0823334794718;;;[]
90;90;of;855;713;872;732;[3494.0];0.2264;0.2264;1;13.6885;14.6655;722.5;0.0;6;163.0504670872868;14.18;0.2264;[55.735360000000014]
91;91;files;878;713;913;732;[];0.0;0.0;0;;;722.5;0.0;6;185.5252619385899;;;[]
92;92;in;922;713;935;732;[];0.0;0.0;0;;;722.5;0.0;6;228.81155306798297;;;[]
93;93;the;944;713;971;732;[];0.0;0.0;0;;;722.5;0.0;6;250.54795712075241;;;[]
94;94;directory;979;713;1058;737;[];0.0;0.0;0;;;725.0;2.5;6;284.60730070991224;;;[]
95;95;and;532;817;563;837;[];0.0;0.0;0;;;827.0;102.0;7;141.59339115009007;;;[]
96;96;to;571;819;588;837;[];0.0;0.0;0;;;828.0;1.0;7;119.20687537798482;;;[]
97;97;rename;597;822;663;837;[];0.0;0.0;0;;;829.5;1.5;7;62.57607543927952;;;[]
98;98;the;671;817;698;837;[];0.0;0.0;0;;;827.0;2.5;7;48.047680000000014;;;[]
99;99;files.;706;817;746;837;[];0.0;0.0;0;;;827.0;0.0;7;49.038519730742294;;;[]
