;number;text;x1;y1;x2;y2;fixations;fix_duration;y;diff_y;line;distance;fix_number;fix_duration_avg;pupil_l;pupil_r;pupil
0;0;A;25;107;39;125;[];0.0;116.0;;1;744.7417295627465;0;;;;
1;1;JSON;57;107;113;125;[];0.0;116.0;0.0;1;677.136361268623;0;;;;
2;2;file;132;106;188;125;[1457];0.4202;115.5;0.5;1;610.1336343393232;1;0.4202;15.2921;15.693;15.49
3;3;might;205;106;277;130;[];0.0;118.0;2.5;1;530.7035485266493;0;;;;
4;4;contain;297;106;397;125;[1456, 1458];0.5339;115.5;2.5;1;437.3412623479644;2;0.267;16.2936;16.7081;16.5
5;5;data;416;106;473;125;[];0.0;115.5;0.0;1;383.55022063885065;0;;;;
6;6;that;492;106;547;125;[1459];0.2584;115.5;0.0;1;339.4350891586064;1;0.2584;18.3467;17.2725;17.81
7;7;can,not;567;108;652;125;[1460];0.3073;116.5;1.0;1;297.9183441013847;1;0.3073;16.8635;15.5773;16.22
8;8;be;672;106;698;125;[];0.0;115.5;1.0;1;290.0154681256003;0;;;;
9;9;unambiguously;717;106;908;130;[1461];0.259;118.0;2.5;1;283.7083333333333;1;0.259;16.7552;16.7436;16.75
10;10;formatted;927;106;1058;125;[1462, 1463];0.5176;115.5;2.5;1;352.0697938649539;2;0.2588;15.6472;13.708;14.68
11;11;as;1077;111;1102;125;[];0.0;118.0;2.5;1;454.8647488563069;0;;;;
12;12;a;1122;111;1133;125;[];0.0;118.0;0.0;1;490.4707735962574;0;;;;
13;13;Python;1151;106;1237;130;[];0.0;118.0;0.0;1;511.40714154064943;0;;;;
14;14;dictionary,.;41;205;198;229;[];0.0;217.0;99.0;2;558.9075401341242;0;;;;
15;15;For;222;206;262;224;[1464];0.275;215.0;2.0;2;500.8245299025508;1;0.275;16.4189;15.8495;16.13
16;16;example,,;281;205;393;229;[];0.0;217.0;2.0;2;380.363087613372;0;;;;
17;17;the;416;205;457;224;[1465];0.2101;214.5;2.5;2;328.760778913956;1;0.2101;17.1582;15.7403;16.45
18;18;contents;476;207;592;224;[];0.0;215.5;1.0;2;231.97536453707983;0;;;;
19;19;of;611;206;637;224;[1466];0.2102;215.0;0.5;2;209.3375497900725;1;0.2102;17.0346;15.8116;16.42
20;20;a;656;210;667;224;[];0.0;217.0;2.0;2;198.52448149311735;0;;;;
21;21;JSON;686;206;742;224;[];0.0;215.0;2.0;2;189.70833333333331;0;;;;
22;22;file;762;205;817;224;[1467];0.259;214.5;0.5;2;193.18698132149356;1;0.259;16.7814;15.9777;16.38
23;23;could;836;205;907;224;[];0.0;214.5;0.0;2;219.54183599512675;0;;;;
24;24;be;926;205;952;224;[1468];0.2588;214.5;0.0;2;276.02155305720447;1;0.2588;16.1055;15.4155;15.76
25;25;~**json;974;205;1072;229;[];0.0;217.0;2.5;2;309.62466054689156;0;;;;
26;26;""",foo,""";1093;206;1160;224;[];0.0;215.0;2.0;2;413.5729219280575;0;;;;
27;27;~~~;1184;205;1219;209;[];0.0;207.0;8.0;2;502.1195910857404;0;;;;
28;28;or;26;309;52;323;[];0.0;316.0;109.0;3;679.5849025339741;0;;;;
29;29;~*-json;74;304;172;328;[];0.0;316.0;0.0;3;560.1005234944685;0;;;;
30;30;[,1,2,3,];194;304;289;328;[1519, 1520];0.6957;316.0;0.0;3;444.8389151353304;2;0.3478;15.1768;15.3297;15.25
31;31;~*~;314;304;349;308;[];0.0;306.0;10.0;3;391.0620331253227;0;;;;
32;32;Here;371;305;427;323;[1521];0.21;314.0;8.0;3;311.9817939433502;1;0.21;16.9105;16.0799;16.5
33;33;is;447;304;472;323;[];0.0;313.5;0.5;3;269.24390383462924;0;;;;
34;34;a;491;309;502;323;[1470];0.3071;316.0;2.5;3;241.2095349527275;1;0.3071;16.8839;15.9491;16.42
35;35;simple;522;304;607;328;[1522, 1523];0.6796;316.0;0.0;3;146.25018433758555;2;0.3398;16.3101;14.5413;15.43
36;36;function;627;304;742;323;[1471, 1524];0.4855;313.5;2.5;3;90.70833333333331;2;0.2427;15.3272;13.6272;14.48
37;37;that;761;304;817;323;[1469, 1525];0.5502;313.5;0.0;3;97.40619976218719;2;0.2751;16.8308;16.5885;16.71
38;38;reads;839;304;907;323;[1472];0.2909;313.5;0.0;3;145.29054942463097;1;0.2909;17.0023;16.0516;16.53
39;39;data;926;304;982;323;[1473];0.2427;313.5;0.0;3;220.0605547391698;1;0.2427;16.6834;16.1118;16.4
40;40;from;1002;305;1058;323;[];0.0;314.0;0.5;3;290.9949136189689;0;;;;
41;41;a;1076;309;1087;323;[];0.0;316.0;2.0;3;362.0434335160785;0;;;;
42;42;JSON;1106;305;1162;323;[];0.0;314.0;2.0;3;391.15880119474645;0;;;;
43;43;file;1182;304;1237;323;[1474];0.2587;313.5;0.5;3;465.4208845250836;1;0.2587;8.201;12.0349;10.12
44;44;and;138;403;179;422;[];0.0;412.5;99.0;4;546.5039999999999;0;;;;
45;45;returns;201;405;299;422;[];0.0;413.5;1.0;4;426.5039999999999;0;;;;
46;46;it;319;403;344;422;[];0.0;412.5;1.0;4;381.5039999999999;0;;;;
47;47;as;363;408;389;422;[];0.0;415.0;2.5;4;336.5039999999999;0;;;;
48;48;a;408;408;419;422;[];0.0;415.0;0.0;4;306.5039999999999;0;;;;
49;49;Python;438;403;524;427;[];0.0;415.0;0.0;4;201.5039999999999;0;;;;
50;50;object;543;403;629;427;[1534];0.2589;415.0;0.0;4;96.5039999999999;1;0.2589;18.6387;18.2268;18.43
51;51;decoded;648;403;749;422;[1535];0.3722;412.5;2.5;4;0.0;1;0.3722;18.0532;17.799;17.93
52;52;according;768;403;900;427;[];0.0;415.0;2.5;4;42.496000000000095;0;;;;
53;53;to;918;405;944;422;[];0.0;413.5;1.5;4;192.4960000000001;0;;;;
54;54;this;963;403;1019;422;[];0.0;412.5;1.0;4;237.4960000000001;0;;;;
55;55;table,:;1038;403;1120;422;[];0.0;412.5;0.0;4;312.4960000000001;0;;;;
56;56;https://docs.python.org/3/library/json.html#json-to-py-table;18;502;914;526;[1475, 1476, 1477, 1478, 1479, 1480];1.4879;514.0;101.5;5;88.29166666666669;6;0.248;16.808;15.9734;16.39
57;57;~~;936;502;956;506;[];0.0;504.0;10.0;5;228.26297207120086;0;;;;
58;58;python;966;502;1064;526;[1482];0.2101;514.0;10.0;5;256.1908359383251;1;0.2101;16.6474;16.3773;16.51
59;59;import;1084;502;1169;526;[1481];0.3075;514.0;0.0;5;369.208342834744;1;0.3075;16.9355;15.9575;16.45
60;60;json;1188;502;1244;526;[];0.0;514.0;0.0;5;470.8481373211302;0;;;;
61;61;def;115;601;157;620;[];0.0;610.5;96.5;6;598.5607458051169;0;;;;
62;62;load(filename,):;175;601;393;625;[];0.0;613.0;2.5;6;381.6242634041732;0;;;;
63;63;file;416;601;472;620;[];0.0;610.5;2.5;6;315.1863677552977;0;;;;
64;64;=;490;608;502;616;[];0.0;612.0;1.5;6;296.14741219890993;0;;;;
65;65;open(filename,,;520;601;723;625;[1503, 1504, 1526];0.8574;613.0;1.0;6;187.308404559907;3;0.2858;16.893;16.9322;16.91
66;66;',r,',);750;601;799;625;[1483, 1505, 1527];0.8091;613.0;0.0;6;188.88679789434144;3;0.2697;17.0421;16.366;16.7
67;67;data;820;601;877;620;[];0.0;610.5;2.5;6;209.78003341304387;0;;;;
68;68;=;895;608;907;616;[1506];0.3074;612.0;1.5;6;257.8335621134517;1;0.3074;17.6691;16.6744;17.17
69;69;json.load(file,);926;601;1144;625;[1484];0.2587;613.0;1.0;6;274.36620495020486;1;0.2587;17.1051;16.2745;16.69
70;70;file.close,(,);56;700;229;724;[1486];0.2749;712.0;99.0;7;573.1309976076828;1;0.2749;17.7779;17.8082;17.79
71;71;return;253;702;336;719;[1487];0.2748;710.5;1.5;7;484.58791883975437;1;0.2748;17.2944;17.5467;17.42
72;72;data;355;700;412;719;[];0.0;709.5;1.0;7;424.5558578311901;0;;;;
73;73;~~~;434;700;468;704;[];0.0;702.0;7.5;7;385.06003222715515;0;;;;
74;74;If;491;701;517;719;[];0.0;710.0;8.0;7;354.979463845602;0;;;;
75;75;you;535;705;576;724;[1531];0.3723;714.5;4.5;7;327.41759434313303;1;0.3723;16.5371;15.9299;16.23
76;76;would;594;700;667;719;[1485];0.1941;709.5;5.0;7;292.2082073090655;1;0.1941;15.4974;16.1856;15.84
77;77;like;685;700;742;719;[];0.0;709.5;0.0;7;286.2916666666667;0;;;;
78;78;for;761;701;802;719;[];0.0;710.0;0.5;7;289.47619548438024;0;;;;
79;79;the;821;700;862;719;[];0.0;709.5;0.5;7;301.79861566743114;0;;;;
80;80;function;881;700;996;719;[1532];0.2749;709.5;0.0;7;325.79429770758395;1;0.2749;18.2848;17.3421;17.81
81;81;to;1016;702;1042;719;[];0.0;710.5;1.0;7;409.2676521366482;0;;;;
82;82;format;1061;701;1146;719;[];0.0;710.0;0.5;7;441.6945412296955;0;;;;
83;83;non-;1166;705;1220;719;[];0.0;712.0;2.0;7;528.0980601038452;0;;;;
84;84;object;40;799;126;823;[];0.0;811.0;99.0;8;712.6392596670335;0;;;;
85;85;JSON;146;800;202;818;[];0.0;809.0;2.0;8;650.5979478542113;0;;;;
86;86;files;221;799;291;818;[1488];0.2432;808.5;0.5;8;580.7266090156173;1;0.2432;17.7504;18.4809;18.12
87;87;as;311;804;336;818;[];0.0;811.0;2.5;8;551.3990851329411;0;;;;
88;88;a;356;804;367;818;[];0.0;811.0;0.0;8;529.9553783909023;0;;;;
89;89;dictionary,,;385;799;543;823;[];0.0;811.0;0.0;8;426.3301284436484;0;;;;
90;90;I;566;800;576;818;[];0.0;809.0;2.0;8;414.21334810953533;0;;;;
91;91;can;596;804;636;818;[];0.0;811.0;2.0;8;400.4229652323209;0;;;;
92;92;give;655;799;712;823;[1489];0.2752;811.0;0.0;8;385.52824334771867;1;0.2752;18.2316;18.1156;18.17
93;93;such;731;799;786;818;[1508, 1528, 1529, 1530];0.7927;808.5;2.5;8;385.33086356893057;4;0.1982;16.0228;16.2541;16.14
94;94;an;806;804;831;818;[];0.0;811.0;2.5;8;398.5061995571016;0;;;;
95;95;example;850;799;952;823;[1490, 1507, 1518, 1533];0.7274;811.0;0.0;8;404.9060661669294;4;0.1819;17.1591;16.8493;17.0
96;96;as;971;804;996;818;[];0.0;811.0;0.0;8;461.081197930955;0;;;;
97;97;well,,;1014;799;1083;821;[1491, 1492, 1509];0.7448;810.0;1.0;8;481.3310819163644;3;0.2483;17.2159;17.7538;17.48
98;98;the;1106;799;1147;818;[1510];0.2103;808.5;1.5;8;541.5042699912697;1;0.2103;15.1222;15.2878;15.2
99;99;most;1164;801;1221;818;[];0.0;809.5;1.0;8;585.0415174032049;0;;;;
100;100;simple;87;898;172;922;[1493];0.2907;910.0;100.5;9;735.4625051073492;1;0.2907;17.1157;17.0908;17.1
101;101;solution;192;898;307;917;[1494, 1511];0.5341;907.5;2.5;9;640.0656344616369;2;0.267;16.1806;16.4693;16.32
102;102;being;326;898;398;922;[1512];0.4855;910.0;2.5;9;584.6343202539325;1;0.4855;15.7691;17.7124;16.74
103;103;to;416;900;442;917;[1495];0.2588;908.5;1.5;9;562.8979508627158;1;0.2588;16.3063;16.4999;16.4
104;104;wrap;459;903;518;922;[1496, 1513];0.6628;912.5;4.0;9;531.4736541781205;2;0.3314;18.1173;18.218;18.17
105;105;the;536;898;577;917;[];0.0;907.5;5.0;9;506.54896744419267;0;;;;
106;106;value;595;898;667;917;[1497, 1514];0.5496;907.5;0.0;9;487.8126037924582;2;0.2748;16.4746;16.5689;16.52
107;107;in;687;898;712;917;[];0.0;907.5;0.0;9;484.4799030081411;0;;;;
108;108;a;731;903;742;917;[];0.0;910.0;2.5;9;489.32253277919307;0;;;;
109;109;dictionary;761;898;908;922;[1498, 1515];0.5504;910.0;0.0;9;485.5907581686227;2;0.2752;16.8197;15.9649;16.39
110;110;with;924;898;982;917;[1516];0.2584;907.5;2.5;9;523.3918994585011;1;0.2584;17.9052;16.9181;17.41
111;111;a;1001;903;1012;917;[1502];0.0648;910.0;2.5;9;561.5197067649938;1;0.0648;14.6266;14.9218;14.77
112;112;static;1032;898;1117;917;[1499, 1500, 1517];1.0831;907.5;2.5;9;573.1301915086815;3;0.361;17.2759;16.5973;16.94
113;113;key,.;1137;898;1188;922;[1501];0.3235;910.0;2.5;9;635.5056069137217;1;0.3235;17.6075;17.3899;17.5
