;number;text;x1;y1;x2;y2;y;diff_y;line;fixations;fix_distance;fix_duration;first_fix_duration;fix_number;pupil_l;pupil_r;distance;pupil;fix_duration_avg
0;0;Cough...cough...;230;346;379;370;358.0;;1;[];[];0.0;0.0;0;;;255.85359172221598;;
1;1;Let's;389;346;428;365;355.5;2.5;1;[];[];0.0;0.0;0;;;222.611089564645;;
2;2;be;437;346;457;365;355.5;0.0;1;[];[];0.0;0.0;0;;;203.63565797069626;;
3;3;serious;465;346;527;365;355.5;0.0;1;[];[];0.0;0.0;0;;;169.92410422644102;;
4;4;and;535;346;566;365;355.5;0.0;1;[];[];0.0;0.0;0;;;161.58262653255267;;
5;5;not;576;347;603;365;356.0;0.5;1;[];[];0.0;0.0;0;;;160.79327999999998;;
6;6;laugh.;611;346;664;370;358.0;2.0;1;[];[];0.0;0.0;0;;;158.47817640659042;;
7;7;A;673;347;684;365;356.0;2.0;1;[];[];0.0;0.0;0;;;184.78153911351208;;
8;8;child;692;346;731;365;355.5;0.5;1;[];[];0.0;0.0;0;;;194.84619882655755;;
9;9;falling;740;346;792;370;358.0;2.5;1;[];[];0.0;0.0;0;;;221.92502426981594;;
10;10;down;801;346;847;365;355.5;2.5;1;[];[];0.0;0.0;0;;;271.728734581307;;
11;11;and;856;346;887;365;355.5;0.0;1;[];[];0.0;0.0;0;;;317.7369748662538;;
12;12;hitting;896;346;951;370;358.0;2.5;1;[];[];0.0;0.0;0;;;350.5676716372438;;
13;13;their;960;346;1001;365;355.5;2.5;1;[];[];0.0;0.0;0;;;410.8220651293677;;
14;14;face;1008;346;1043;365;355.5;0.0;1;[];[];0.0;0.0;0;;;455.380475204151;;
15;15;could;208;450;253;470;460.0;104.5;2;[];[];0.0;0.0;0;;;333.6499788658144;;
16;16;feel;262;450;292;470;460.0;0.0;2;[];[];0.0;0.0;0;;;295.27115063473167;;
17;17;scared,;301;450;364;475;462.5;2.5;2;[2114.0];[11.328640000000007];0.3561;0.3561;1;8.1149;7.4254;223.792385029425;7.77;0.3561
18;18;upset,;374;452;427;475;463.5;1.0;2;[];[];0.0;0.0;0;;;163.0646485206355;;
19;19;and;436;450;466;470;460.0;3.5;2;[];[];0.0;0.0;0;;;128.67694586505542;;
20;20;in;476;451;489;470;460.5;0.5;2;[2113.0, 2115.0, 2152.0];[8.310400000000016, 63.006399999999985, 35.43525417036544];0.8737;0.1943;3;9.2535;7.7511;108.4110898255266;8.5;0.2912
21;21;pain.;499;451;540;475;463.0;2.5;2;[];[];0.0;0.0;0;;;65.87812684919325;;
22;22;Falls;550;450;588;470;460.0;3.0;2;[2153.0];[55.79327999999998];0.4526;0.4526;1;10.5682;9.1011;55.79327999999998;9.83;0.4526
23;23;can;596;455;625;470;462.5;2.5;2;[2116.0];[70.98975999999999];0.4531;0.4531;1;9.696;9.2477;57.53465388058225;9.47;0.4531
24;24;be;634;450;654;470;460.0;2.5;2;[];[];0.0;0.0;0;;;76.30127388948627;;
25;25;distressing;662;450;757;475;462.5;2.5;2;[];[];0.0;0.0;0;;;94.80316237952403;;
26;26;and;766;450;796;470;460.0;2.5;2;[2117.0];[28.871584280742198];0.4366;0.4366;1;9.4763;9.7578;192.3188924603051;9.62;0.4366
27;27;disorienting;805;450;909;475;462.5;2.5;2;[2118.0];[70.74112000000002];0.2592;0.2592;1;10.5138;10.4284;228.75831700106204;10.47;0.2592
28;28;for;917;450;942;470;460.0;2.5;2;[];[];0.0;0.0;0;;;339.6616734298387;;
29;29;children,;949;450;1025;475;462.5;2.5;2;[2119.0, 2120.0, 2131.0];[47.78304000000003, 28.101760000000013, 0.0];1.2936;0.5983;3;9.8708;9.0066;370.5458022932636;9.44;0.4312
30;30;and;1034;450;1064;470;460.0;2.5;2;[];[];0.0;0.0;0;;;455.4780833334996;;
31;31;facial;206;555;251;575;565.0;105.0;3;[];[];0.0;0.0;0;;;332.2382560710888;;
32;32;injuries;260;556;325;580;568.0;3.0;3;[2122.0];[31.077120000000036];0.6142;0.6142;1;8.9449;8.6697;258.72142593368335;8.81;0.6142
33;33;may;333;560;370;580;570.0;2.0;3;[];[];0.0;0.0;0;;;214.69455045985308;;
34;34;be;379;555;398;575;565.0;5.0;3;[2121.0];[1.4751999999999725];0.1133;0.1133;1;8.6302;9.6828;186.2561966678113;9.16;0.1133
35;35;particularly;407;555;506;580;567.5;2.5;3;[2123.0];[16.94943999999998];0.3238;0.3238;1;8.6977;8.3584;81.37406710468883;8.53;0.3238
36;36;frightening.;514;555;616;580;567.5;0.0;3;[2124.0, 2149.0];[67.38144, 0.0];0.6632;0.3395;2;9.5142;8.5874;29.20672000000002;9.05;0.3316
37;37;The;624;555;657;575;565.0;2.5;3;[2125.0, 2126.0];[74.49824000000001, 85.52672000000001];0.5656;0.3073;2;9.3487;8.8421;51.19635531127583;9.1;0.2828
38;38;appropriate;665;556;767;580;568.0;3.0;3;[2127.0, 2147.0, 2148.0];[61.418240000000026, 11.902720000000045, 6.224640000000022];0.8251;0.4207;3;9.7122;7.4483;88.37090152962344;8.58;0.275
39;39;response;776;560;855;580;570.0;2.0;3;[2128.0, 2129.0, 2150.0, 2151.0];[84.05504000000002, 92.84096, 35.23035601759364, 0.0];1.3422;0.226;4;10.5007;9.3986;197.03990965578114;9.95;0.3355
40;40;is;864;560;876;575;567.5;2.5;3;[];[];0.0;0.0;0;;;284.114719782623;;
41;41;to;883;557;900;575;566.0;1.5;3;[];[];0.0;0.0;0;;;302.6611268021686;;
42;42;comfort;908;555;977;575;565.0;1.0;3;[2130.0];[42.38016858967883];0.5012;0.5012;1;12.0491;9.7047;327.35352571365166;10.88;0.5012
43;43;the;984;555;1012;575;565.0;0.0;3;[];[];0.0;0.0;0;;;403.1074630878947;;
44;44;child,;1020;555;1066;579;567.0;2.0;3;[];[];0.0;0.0;0;;;439.02059495786574;;
45;45;check;279;660;328;680;670.0;103.0;4;[2132.0];[22.713600000000042];0.4205;0.4205;1;10.6503;10.1636;287.23346253032287;10.41;0.4205
46;46;for;336;660;360;680;670.0;0.0;4;[];[];0.0;0.0;0;;;259.37257757357156;;
47;47;any;368;665;399;685;675.0;5.0;4;[2140.0];[38.302400000000034];0.4526;0.4526;1;10.6493;9.8904;229.89115945846723;10.27;0.4526
48;48;injuries,;407;661;477;685;673.0;2.0;4;[2133.0];[50.74720000000002];0.566;0.566;1;9.9722;8.6865;171.1600988465431;9.33;0.566
49;49;and;486;660;517;680;670.0;3.0;4;[];[];0.0;0.0;0;;;149.09797449046184;;
50;50;provide;527;660;592;685;672.5;2.5;4;[2134.0, 2141.0];[46.214399999999955, 22.891200000000026];0.6469;0.2427;2;9.5554;8.9515;134.20672000000002;9.25;0.3235
51;51;treatment;600;662;688;680;671.0;1.5;4;[2135.0, 2142.0];[71.59231999999997, 11.12832000000003];0.6796;0.2751;2;9.6912;8.8528;137.39723751647412;9.27;0.3398
52;52;or;696;665;714;680;672.5;1.5;4;[];[];0.0;0.0;0;;;179.95959879139096;;
53;53;consult;721;660;784;680;670.0;2.5;4;[2136.0, 2143.0];[68.30208000000005, 32.775679999999966];0.5823;0.3395;2;9.7946;9.1485;193.25058860753416;9.47;0.2911
54;54;medical;792;660;859;680;670.0;0.0;4;[2137.0, 2144.0];[92.56064000000003, 42.247679999999946];0.9385;0.6632;2;10.0445;9.8985;249.26212306958794;9.97;0.4692
55;55;help;868;660;904;685;672.5;2.5;4;[2145.0, 2146.0];[9.86591999999996, 14.47229553617528];0.8898;0.356;2;10.1931;8.5936;315.96661532060375;9.39;0.4449
56;56;if;913;660;923;679;669.5;3.0;4;[];[];0.0;0.0;0;;;357.2173316024272;;
57;57;needed.;931;660;999;680;670.0;0.5;4;[2138.0, 2139.0];[60.273919999999976, 43.661427434952245];0.6956;0.3236;2;10.0089;9.1329;373.9598240415117;9.57;0.3478
