;number;text;x1;y1;x2;y2;fixations;fix_duration;y;diff_y;line;distance;fix_number;fix_duration_avg;pupil_l;pupil_r;pupil
0;0;Taking;85;205;173;229;[2288];0.2261;217.0;;1;767.0009032092726;1;0.2261;19.0049;18.6865;18.85
1;1;breaks;191;205;277;224;[2277, 2278, 2279, 2289, 2290];1.3106;214.5;2.5;1;707.6827842500055;5;0.2621;18.1516;17.3835;17.77
2;2;from;297;206;353;224;[2280, 2281];0.5662;215.0;0.5;1;668.0612079172387;2;0.2831;18.0859;18.4129;18.25
3;3;activities;371;205;517;224;[2291];0.5659;214.5;0.5;1;606.6636457905155;1;0.5659;17.9992;18.0549;18.03
4;4;that;536;205;592;224;[2282, 2292];0.6147;214.5;0.0;1;591.7548978452481;2;0.3074;17.4022;16.9062;17.15
5;5;require;614;205;712;229;[];0.0;217.0;2.5;1;581.1;0;;;;
6;6;prolonged;731;205;862;229;[2283, 2287, 2293];0.5825;217.0;0.0;1;583.9267939766422;3;0.1942;17.1581;17.7208;17.44
7;7;mental;880;205;966;224;[2284, 2285, 2294];0.8096;214.5;2.5;1;621.3766058710612;3;0.2699;18.4921;17.0957;17.79
8;8;engagement;986;207;1132;229;[2286, 2295, 2296];0.9062;218.0;3.5;1;659.7446269003182;3;0.3021;18.8949;16.9402;17.92
9;9;is;1152;205;1177;224;[];0.0;214.5;3.5;1;756.5497492722076;0;;;;
10;10;important;64;304;194;328;[2297, 2298];0.6311;316.0;101.5;2;680.0359166425255;2;0.3155;17.5971;17.2388;17.42
11;11;to;213;306;239;323;[];0.0;314.5;1.5;2;652.8052511460367;0;;;;
12;12;avoid;258;304;329;323;[];0.0;313.5;1.0;2;596.6777957355544;0;;;;
13;13;burnout;348;304;449;323;[2299];0.2747;313.5;0.0;2;536.3928783306504;1;0.2747;16.6862;16.6221;16.65
14;14;and;468;304;509;323;[2300];0.3074;313.5;0.0;2;514.1631880287035;1;0.3074;18.5242;17.6452;18.08
15;15;maintain;527;304;644;323;[2301];0.2104;313.5;0.0;2;487.99931139689124;1;0.2104;16.9354;16.4205;16.68
16;16;productivity,.;663;304;850;328;[2302, 2303];0.5173;316.0;2.5;2;482.1;2;0.2587;17.0344;17.3939;17.21
17;17;By;873;305;900;328;[];0.0;316.5;0.5;2;521.7045768668702;0;;;;
18;18;taking;918;304;1005;328;[];0.0;316.0;0.5;2;540.5048691028047;0;;;;
19;19;a;1023;309;1034;323;[2304];0.3071;316.0;0.0;2;599.4479339557691;1;0.3071;19.1247;18.9812;19.05
20;20;break;1053;304;1125;323;[2305];0.3557;313.5;2.5;2;617.4148180306657;1;0.3557;20.1759;18.5202;19.35
21;21;from;1144;305;1200;323;[];0.0;314.0;0.5;2;677.1488225817425;0;;;;
22;22;talking;40;403;141;427;[];0.0;415.0;101.0;3;656.0807913083875;0;;;;
23;23;to;160;405;186;422;[];0.0;413.5;1.5;3;623.2077123430357;0;;;;
24;24;me,,;203;408;242;425;[];0.0;416.5;3.0;3;578.4389502132786;0;;;;
25;25;you;264;408;305;427;[];0.0;417.5;1.0;3;531.639921679928;0;;;;
26;26;will;323;403;380;422;[];0.0;412.5;5.0;3;486.65191494931975;0;;;;
27;27;have;400;403;456;422;[];0.0;412.5;0.0;3;444.9459975365999;0;;;;
28;28;the;475;403;516;422;[];0.0;412.5;0.0;3;418.88352166663225;0;;;;
29;29;opportunity;534;403;696;427;[];0.0;415.0;2.5;3;383.1;0;;;;
30;30;to;715;405;741;422;[];0.0;413.5;1.5;3;390.30053846214463;0;;;;
31;31;recharge;762;403;876;427;[];0.0;415.0;1.5;3;393.1639697681363;0;;;;
32;32;your;894;408;951;427;[];0.0;417.5;2.5;3;441.96846937744334;0;;;;
33;33;mental;968;403;1055;422;[];0.0;412.5;5.0;3;487.119526937527;0;;;;
34;34;batteries,,;1075;403;1217;425;[];0.0;414.0;1.5;3;556.2496690550387;0;;;;
35;35;refresh;64;502;162;521;[2315];0.2754;511.5;97.5;4;587.6448477812427;1;0.2754;16.3386;16.094;16.22
36;36;your;181;507;238;526;[2307, 2308];0.5017;516.5;5.0;4;520.0685738667929;2;0.2509;16.3908;16.7634;16.58
37;37;mind,,;255;502;324;524;[2309];0.3235;513.0;3.5;4;451.75471212134573;1;0.3235;16.4561;16.6187;16.54
38;38;and;347;502;388;521;[2316];0.2913;511.5;1.5;4;406.3907990147414;1;0.2913;16.3274;15.7622;16.04
39;39;come;407;507;463;521;[2310];0.291;514.0;2.5;4;357.6822074465544;1;0.291;16.3615;16.3508;16.36
40;40;back;482;502;538;521;[2311, 2317];0.5825;511.5;2.5;4;319.32685687840285;2;0.2913;16.7439;16.1148;16.43
41;41;to;557;504;583;521;[];0.0;512.5;1.0;4;302.9678027841242;0;;;;
42;42;our;601;507;643;521;[2318];0.2585;514.0;1.5;4;290.71627667511154;1;0.2585;15.2315;15.4654;15.35
43;43;conversation;662;502;837;521;[2306, 2312, 2319];0.5337;511.5;2.5;4;289.1;3;0.1779;15.6963;15.0779;15.39
44;44;with;855;502;912;521;[2313];0.1294;511.5;0.0;4;341.2918491904547;1;0.1294;16.1301;7.6022;11.87
45;45;renewed;934;502;1033;521;[2320, 2321];0.6633;511.5;0.0;4;389.0762186562423;2;0.3317;13.6998;15.0962;14.4
46;46;energy;1051;506;1138;526;[2314];0.2427;516.0;4.5;4;472.37052059145276;1;0.2427;8.1966;9.2549;8.73
47;47;and;1157;502;1198;521;[];0.0;511.5;4.5;4;563.2423946435852;0;;;;
48;48;focus,.;64;602;145;620;[];0.0;611.0;99.5;5;561.7557319011884;0;;;;
49;49;So,,;168;602;205;623;[];0.0;612.5;1.5;5;504.5833591428079;0;;;;
50;50;think;228;601;300;620;[];0.0;610.5;2.0;5;419.19510293399173;0;;;;
51;51;of;318;602;344;620;[];0.0;611.0;0.5;5;380.50309844183914;0;;;;
52;52;this;363;601;419;620;[];0.0;610.5;0.5;5;317.750984142992;0;;;;
53;53;break;438;601;510;620;[];0.0;610.5;0.0;5;250.81299472682824;0;;;;
54;54;as;528;606;554;620;[];0.0;613.0;2.5;5;224.60016011534805;0;;;;
55;55;a;573;606;584;620;[];0.0;613.0;0.0;5;210.1629461247629;0;;;;
56;56;way;601;606;645;625;[];0.0;615.5;2.5;5;187.29843118360603;0;;;;
57;57;to;663;603;689;620;[];0.0;611.5;4.0;5;190.10000000000002;0;;;;
58;58;invest;709;601;794;620;[];0.0;610.5;1.0;5;193.36562239405436;0;;;;
59;59;in;814;601;839;620;[];0.0;610.5;0.0;5;236.3188014607387;0;;;;
60;60;your;858;606;914;625;[];0.0;615.5;5.0;5;261.2673908543507;0;;;;
61;61;own;933;606;974;620;[];0.0;613.0;2.5;5;321.58938030326823;0;;;;
62;62;well,-,being;991;601;1140;625;[];0.0;613.0;0.0;5;367.4188954365849;0;;;;
63;63;and;1158;601;1199;620;[];0.0;610.5;2.5;5;520.3546574441706;0;;;;
64;64;ensure;33;705;120;719;[];0.0;712.0;101.5;6;561.0582343427818;0;;;;
65;65;that;139;700;194;719;[];0.0;709.5;2.5;6;488.1881275941068;0;;;;
66;66;you;213;705;254;724;[2322];0.3398;714.5;5.0;6;428.3551236110523;1;0.3398;15.3197;15.0862;15.2
67;67;are;274;705;315;719;[];0.0;712.0;2.5;6;370.00317609966527;0;;;;
68;68;able;334;700;390;719;[];0.0;709.5;2.5;6;297.88492799039017;0;;;;
69;69;to;409;702;435;719;[];0.0;710.5;1.0;6;255.41197764364918;0;;;;
70;70;perform;454;701;556;724;[];0.0;712.5;2.0;6;145.76001071569655;0;;;;
71;71;at;574;702;599;719;[];0.0;710.5;2.0;6;117.75516941451015;0;;;;
72;72;your;618;705;675;724;[];0.0;714.5;4.0;6;86.10000000000002;0;;;;
73;73;best;694;700;749;719;[2323];0.2104;709.5;5.0;6;93.35334982655957;1;0.2104;15.5656;15.7611;15.66
74;74;both;769;700;824;719;[];0.0;709.5;0.0;6;131.90120516447158;0;;;;
75;75;in;844;700;869;719;[];0.0;709.5;0.0;6;193.21233895339097;0;;;;
76;76;our;888;705;930;719;[];0.0;712.0;2.5;6;232.94008140257884;0;;;;
77;77;conversation;949;700;1124;719;[2324];0.259;709.5;2.5;6;290.0643375595147;1;0.259;15.3081;14.9846;15.15
78;78;and;1144;700;1185;719;[];0.0;709.5;0.0;6;479.1276739281922;0;;;;
79;79;in;1204;700;1229;719;[];0.0;709.5;0.0;6;538.1540596556345;0;;;;
80;80;other;454;799;525;818;[2325];0.2913;808.5;99.0;7;148.61279999999988;1;0.2913;15.3827;14.6307;15.01
81;81;areas;544;804;615;818;[];0.0;811.0;2.5;7;58.61279999999988;0;;;;
82;82;of;634;800;660;818;[];0.0;809.0;2.0;7;13.61279999999988;0;;;;
83;83;your;679;804;735;823;[2326];0.2102;813.5;4.5;7;5.387200000000121;1;0.2102;13.6409;15.8207;14.73
84;84;life,.;754;799;821;818;[];0.0;808.5;5.0;7;80.38720000000012;0;;;;
