text;attention
***;0.9841473381048741
/home/username;0.015852661895125977
