text;attention
Yes,;0.015578965751483851
there;0.01068606313651268
are;0.011383194984358776
some;0.011519110171885595
errors;0.014687851414515249
in;0.011775802189845242
the;0.011782191846462493
code.;0.024116182362375786
Firstly,;0.019379245443574535
the;0.01258902095337359
parameter;0.014831131285194964
'name';0.03566859056782913
is;0.011584873458866834
declared;0.012886424157547118
twice.;0.020695506780290595
This;0.012305857385112275
can;0.011606126527475972
cause;0.012650883901863499
confusion;0.012463654215546535
in;0.01311272997477629
the;0.01218908284309827
code;0.011562885309367261
and;0.010862705317528072
should;0.011669288580540125
be;0.010689106227313954
avoided.;0.013049192509025078
Secondly,;0.014186035101915384
the;0.012197589796566264
""".replace()'";0.042657937926231945
method;0.013812282820676397
should;0.012899677076555767
be;0.011402273166880587
assigned;0.012962496005463281
to;0.0122547380930152
the;0.01185028858287223
'name';0.019280392886179422
variable;0.011533108163385073
to;0.011272143170757287
store;0.01228755805315131
the;0.011404487611350456
result.;0.012953625926804397
So;0.012203790964555514
the;0.011521064894832888
code;0.011182914643988875
should;0.010845013764637255
look;0.010900512091544084
like;0.011173769270099424
this:;0.01370196523523438
~°*java;0.02693491011924553
public;0.012046966761252085
int;0.012321490747691755
test(String;0.015191761148053724
name);0.013948366646882471
{;0.014825601101510355
String;0.011944954402823074
message;0.012781541158198757
=;0.011971588769858465
"""Hello";0.01860121149607625
$NAME$;0.02871501937468501
how;0.011038192615736771
are;0.010497032576342727
you;0.0106176130826623
"doing?"";";0.015101035024131786
name;0.011110804240794714
=;0.011270074162596533
"message.replace(""$NAME$"",";0.019531670727507854
"name);";0.01190110366601835
return;0.011733473263035076
"name;";0.0108900531907776
};0.010812716647575297
~~;0.01040348653408221
