text;attention
As;0.011597185641182856
of;0.011201932098825217
today,;0.014922593248121958
Amazon;0.014130135244407479
recommends;0.017754048740770807
using;0.01213124484658981
the;0.009910670418077411
open;0.010200080841780472
source;0.0136813054636108
“epub’;0.031578198154542
format.;0.019468525512566254
To;0.011214404255835805
convert;0.014416101194209196
your;0.010996499430769892
e-;0.011727304897936547
book;0.012376833198531575
to;0.01203229527014289
the;0.009659747777433779
epub;0.01374672010130173
format;0.010979583032905004
in;0.009949108911929032
python,;0.019018909796701424
you;0.009947144453487732
can;0.010573435432686401
use;0.010602946689424774
the;0.010144848304314887
‘ebooklib’;0.02297835813623051
python;0.010185141224923202
library.;0.013593597646207383
Still;0.011384952097980319
to;0.011415558316351703
have;0.01076333261738927
a;0.00998110371323747
properly;0.010831447845450724
formatted;0.012082770957840218
e-book,;0.01798405646340905
you;0.009891283965063119
should;0.010535707470598574
go;0.009767691133806225
over;0.010574276344981518
the;0.009668933664159211
formatting;0.01289445630837128
to;0.011401355050679728
have;0.010766063377631715
the;0.010027988786840393
text;0.010818094166812444
paragraphs,;0.013109576708827996
headings;0.01071010583174322
and;0.009793326002233746
images;0.01014880564889298
properly;0.009926465680275297
aligned.;0.013118739186957419
To;0.010033088739147126
achieve;0.010232976201937501
this;0.009991074048269438
you;0.010029001067790044
can;0.009948713231804757
use;0.009905902150006137
additional;0.010759356256606765
‘HTML’;0.013118400416784444
tags;0.01038844793637529
for;0.009707906377557137
example.;0.011261869916329867
In;0.00962023089256313
any;0.00962266948615033
case;0.011416879428800656
you;0.009725080576880887
should;0.010148909543740143
check;0.010742522768851955
the;0.009602123919432997
output;0.012059469405496301
if;0.012109444478632101
all;0.010238579816966617
the;0.00949561936647689
formatting;0.010565338871431207
meets;0.010525117409868561
your;0.009517429699228577
expectations;0.010217149639351369
before;0.010459431372700903
you;0.009694902865584942
publish;0.01055096673621148
and;0.010004363147650849
reformat;0.010814539960952736
if;0.010083011491661525
it;0.009253663253218011
doesn't.;0.009840828220558802
