text;attention
Your;0.01277922280554826
product;0.011113228608446943
will;0.011276060109135892
depend;0.013066531192269689
greatly;0.01070578701479399
on;0.011753601489468747
who;0.011190279569430691
your;0.011084022422841523
target;0.01046132433427738
audience;0.010462272475164609
is.;0.017770049769359704
However,;0.014518621000363104
if;0.01089574231379541
you;0.009994464194776984
want;0.010362453125986062
a;0.009808298282284807
product;0.010556899173899332
with;0.010022494806366848
a;0.009322522399080473
mass;0.01014418572524736
market;0.010154049182155697
appeal;0.011764190105974615
you;0.010533611546660306
could;0.01161992404011821
create;0.010688511571208684
a;0.009830238000246697
program;0.010778731928830037
that;0.010111371859228578
enables;0.011377124869172932
users;0.010781504510995191
to;0.00993516211104286
turn;0.01044085583574828
an;0.009441803782881836
uploaded;0.012075219676506632
photo;0.010736882105461474
into;0.010856558056480219
a;0.00941815832524942
short;0.009569169480618919
GIF;0.012781141769734264
that;0.009775260020132747
can;0.009135207207241798
then;0.009490499959186532
be;0.00949253492065455
redistributed;0.014625801586093739
on;0.009167693599226081
various;0.009921136423424513
social;0.00918999228986614
media;0.009156722247650996
platforms.;0.016683657116574126
Alternatively,;0.016076094742209956
if;0.010693163940542419
you;0.00950602933639769
aim;0.010835081651423212
to;0.009467488408015118
target;0.010824286319231434
businesses,;0.013634403864915991
an;0.01006068367090458
advertising;0.01089190449335125
suite;0.011254242852918475
that;0.010349727004263476
allows;0.010816393513057736
them;0.009501594432424775
to;0.01009746032478604
customise;0.012336574729895772
an;0.009001023866758807
image;0.010392420142344422
ad;0.009802197915194502
based;0.010053655971815345
on;0.009809905242350972
the;0.008978420593644582
user's;0.014654996697575416
personal;0.008848051847841253
characteristics.;0.014070547796268465
Such;0.009323184914975122
as;0.01012689777591262
colour;0.009587129916169192
preference,;0.011664014854890874
location;0.009444262024223746
and;0.008958748384742475
other;0.008989263835683154
interests.;0.01209502765291325
This;0.009099111671950164
would;0.00945977113968713
enable;0.010338686061901302
business;0.008960272435139725
to;0.009360293538485465
increase;0.009731916568193182
their;0.008997998298223253
CTR;0.009901077286441587
and;0.00917290542637239
benefit;0.009617489213221784
their;0.008950819711138588
marketing;0.008733377277084934
campaigns.;0.008710627713614479
