;number;text;x1;y1;x2;y2;fixations;fix_duration;first_fix_duration;fix_number;pupil_l;pupil_r;y;diff_y;line;distance;pupil;fix_duration_avg;fix_distance
0;0;Stable;209;293;264;313;[];0.0;0.0;0;;;303.0;;1;49.07046107635832;;;[]
1;1;diffusion;272;293;347;313;[291.0, 292.0];0.6144;0.3074;2;14.8727;16.8752;303.0;0.0;1;46.249919999999975;15.87;0.3072;[15.263680000000022, 18.24351999999999]
2;2;is;356;294;368;313;[];0.0;0.0;0;;;303.5;0.5;1;88.62786779702195;;;[]
3;3;an;376;298;396;313;[];0.0;0.0;0;;;305.5;2.0;1;106.20276338328678;;;[]
4;4;open-source;405;298;515;318;[293.0, 331.0];0.9702;0.7439;2;16.8776;18.3614;308.0;2.5;1;131.2536222366697;17.62;0.4851;[2.5555200000000013, 10.601600000000019]
5;5;AI;523;294;541;312;[];0.0;0.0;0;;;303.0;5.0;1;247.1616224057578;;;[]
6;6;model;550;293;602;313;[294.0];0.5337;0.5337;1;17.7943;19.1579;303.0;0.0;1;273.5414786650215;18.48;0.5337;[0.0]
7;7;that;611;293;646;313;[];0.0;0.0;0;;;303.0;0.0;1;333.82260401333883;;;[]
8;8;accepts;654;295;720;318;[295.0];0.3073;0.3073;1;17.7874;18.675;306.5;3.5;1;375.8735252052829;18.23;0.3073;[3.917759999999987]
9;9;text;727;295;762;313;[];0.0;0.0;0;;;304.0;2.5;1;448.9916183518868;;;[]
10;10;prompts;770;295;843;318;[296.0];0.5337;0.5337;1;17.4567;18.0084;306.5;2.5;1;491.33781591716144;17.73;0.5337;[0.0]
11;11;to;851;295;867;313;[];0.0;0.0;0;;;304.0;2.5;1;572.4745120529353;;;[]
12;12;produce;876;293;946;318;[297.0, 298.0];0.7927;0.534;2;15.8749;17.5743;305.5;1.5;1;597.0299219890461;16.72;0.3963;[2.2240000000000464, 7.201919999999973]
13;13;images.;955;294;1023;318;[];0.0;0.0;0;;;306.0;0.5;1;675.8631765011661;;;[]
14;14;The;1031;293;1063;313;[];0.0;0.0;0;;;303.0;3.0;1;752.0267408478547;;;[]
15;15;resulting;233;398;308;422;[299.0, 332.0];1.0028;0.6632;2;16.4627;17.593;410.0;107.0;2;38.750080000000025;17.03;0.5014;[20.030079999999998, 38.750080000000025]
16;16;images;318;399;380;422;[300.0, 327.0];0.4694;0.2426;2;11.4106;13.3299;410.5;0.5;2;54.71809125185566;12.37;0.2347;[97.37279999999998, 9.580106262124676]
17;17;are;388;403;416;418;[];0.0;0.0;0;;;410.5;0.0;2;116.15729916904235;;;[]
18;18;often;424;398;468;418;[301.0];0.4854;0.4854;1;18.6495;20.0804;408.0;2.5;2;148.73952988444736;19.36;0.4854;[0.0]
19;19;hard;477;398;515;418;[];0.0;0.0;0;;;408.0;0.0;2;200.38559566557274;;;[]
20;20;to;523;400;540;418;[];0.0;0.0;0;;;409.0;1.0;2;246.00179200616896;;;[]
21;21;distinguish;548;398;643;422;[302.0];0.5338;0.5338;1;17.7699;18.6464;410.0;1.0;2;270.39423320449424;18.21;0.5338;[0.0]
22;22;from;651;398;692;418;[];0.0;0.0;0;;;408.0;2.0;2;372.6235373003783;;;[]
23;23;real;701;398;732;418;[303.0, 304.0];0.7441;0.2427;2;17.9906;19.0656;408.0;0.0;2;422.38444638770306;18.53;0.3721;[1.5439999999999827, 12.904319999999984]
24;24;pictures,;742;399;817;422;[];0.0;0.0;0;;;410.5;2.5;2;463.31154001411016;;;[]
25;25;although;826;398;902;422;[];0.0;0.0;0;;;410.0;0.5;2;546.9775320342202;;;[]
26;26;some;911;403;958;418;[305.0, 306.0];0.7604;0.4368;2;17.4475;18.2474;410.5;0.5;2;632.1190278343521;17.85;0.3802;[6.3180645218610785, 12.02879999999999]
27;27;are;966;403;993;418;[];0.0;0.0;0;;;410.5;0.0;2;686.9976836571186;;;[]
28;28;very;1001;403;1039;422;[];0.0;0.0;0;;;412.5;2.0;2;721.9300806520299;;;[]
29;29;obviously;228;503;312;527;[307.0, 308.0];0.6145;0.2911;2;17.1598;18.3792;515.0;102.5;3;143.75008000000003;17.77;0.3073;[0.0, 6.40160000000003]
30;30;made;321;503;369;522;[];0.0;0.0;0;;;512.5;2.5;3;149.3743798321734;;;[]
31;31;by;377;503;397;527;[];0.0;0.0;0;;;515.0;2.5;3;173.19429479704698;;;[]
32;32;Al.;404;504;428;522;[];0.0;0.0;0;;;513.0;2.0;3;190.34268231336452;;;[]
33;33;As;437;504;458;522;[309.0];0.4365;0.4365;1;17.822;18.3298;513.0;0.0;3;213.25371722492062;18.08;0.4365;[1.391999999999996]
34;34;of;466;503;483;522;[];0.0;0.0;0;;;512.5;0.5;3;234.7608002845586;;;[]
35;35;Janurary;489;504;566;527;[310.0];0.372;0.372;1;17.6838;18.1336;515.5;3.0;3;253.9052593197833;17.91;0.372;[5.465599999999995]
36;36;29,;575;503;601;527;[];0.0;0.0;0;;;515.0;0.5;3;327.8034944143311;;;[]
37;37;2023,;610;503;659;527;[311.0];0.3563;0.3563;1;17.6875;17.7732;515.0;0.0;3;359.58636646881706;17.73;0.3563;[0.0]
38;38;Some;668;503;718;522;[];0.0;0.0;0;;;512.5;2.5;3;413.4009266441555;;;[]
39;39;other;726;503;773;522;[312.0];0.4206;0.4206;1;17.9038;18.7458;512.5;0.0;3;468.21607976472404;18.32;0.4206;[0.0]
40;40;image;781;504;834;527;[313.0];0.3393;0.3393;1;17.718;18.1549;515.5;3.0;3;521.1104964498858;17.94;0.3393;[0.0]
41;41;generation;842;504;936;527;[314.0];0.4694;0.4694;1;17.6882;18.3393;515.5;0.0;3;579.957532850679;18.01;0.4694;[0.0]
42;42;models;946;503;1008;522;[315.0];0.356;0.356;1;16.7491;17.143;512.5;3.0;3;680.9491209703162;16.95;0.356;[14.340479999999957]
43;43;are;1016;508;1044;522;[];0.0;0.0;0;;;515.0;2.5;3;750.4922745440132;;;[]
44;44;DALLE-2;207;608;282;627;[316.0];0.6469;0.6469;1;16.6465;17.4683;617.5;102.5;4;248.75008000000003;17.06;0.6469;[15.25279999999998]
45;45;and;290;608;321;627;[];0.0;0.0;0;;;617.5;0.0;4;248.93538067186515;;;[]
46;46;MidJourney,;330;608;436;632;[317.0, 325.0];0.3882;0.1617;2;16.4811;17.5691;620.0;2.5;4;253.6475502547707;17.03;0.1941;[0.0, 19.991039999999998]
47;47;however;446;608;521;627;[318.0];0.453;0.453;1;17.113;17.5584;617.5;2.5;4;298.832766192475;17.34;0.453;[4.679679999999962]
48;48;these;528;608;576;627;[];0.0;0.0;0;;;617.5;0.0;4;350.9757070656692;;;[]
49;49;are;584;613;611;627;[319.0];0.4039;0.4039;1;17.5259;18.2048;620.0;2.5;4;395.6816980228507;17.87;0.4039;[14.779199999999946]
50;50;closed;619;608;673;627;[326.0];0.3718;0.3718;1;15.4014;14.1216;617.5;2.5;4;420.15322127796003;14.76;0.3718;[39.644480000000044]
51;51;sourced;682;608;750;627;[320.0];0.7117;0.7117;1;17.7506;17.9918;617.5;0.0;4;472.3999709464919;17.87;0.7117;[5.672959999999989]
52;52;and;759;608;790;627;[321.0];0.2752;0.2752;1;18.0758;18.622;617.5;0.0;4;539.3863414568879;18.35;0.2752;[0.0]
53;53;require;799;608;861;632;[322.0];0.5336;0.5336;1;17.6163;18.6664;620.0;2.5;4;575.1746529100934;18.14;0.5336;[0.0]
54;54;you;869;613;900;632;[];0.0;0.0;0;;;622.5;2.5;4;640.9702256347376;;;[]
55;55;to;908;609;925;627;[];0.0;0.0;0;;;618.0;4.5;4;675.4708573360115;;;[]
56;56;pay;934;613;964;632;[];0.0;0.0;0;;;622.5;4.5;4;701.1321174716263;;;[]
57;57;in;973;608;986;627;[323.0];0.5015;0.5015;1;17.2301;18.3749;617.5;5.0;4;735.9183344300144;17.8;0.5015;[10.706744095494235]
58;58;order;995;608;1042;627;[];0.0;0.0;0;;;617.5;0.0;4;756.659986883307;;;[]
59;59;to;1049;609;1065;627;[];0.0;0.0;0;;;618.0;0.5;4;808.1621010108346;;;[]
60;60;access;581;717;638;732;[324.0, 328.0, 330.0];1.2619;0.3238;3;16.1363;15.0432;724.5;106.5;5;467.27658146995384;15.59;0.4206;[21.407040000000052, 0.0, 15.928639999999973]
61;61;them.;646;713;697;732;[329.0];0.3074;0.3074;1;18.6403;18.4041;722.5;2.0;5;508.7286299691088;18.52;0.3074;[25.269655120844046]
