;number;text;x1;y1;x2;y2;fixations;fix_duration;y;diff_y;line;distance;fix_number;fix_duration_avg;pupil_l;pupil_r;pupil
0;0;Narcolepsy;26;304;173;328;[1896, 1902];0.6797;316.0;;1;1292.4258401213592;2;0.3398;15.6859;14.9565;15.32
1;1;is;192;304;217;323;[];0.0;313.5;2.5;1;1285.4409099656823;0;;;;
2;2;where;235;304;308;323;[1895];0.2104;313.5;0.0;1;1265.5932876771278;1;0.2104;16.4647;16.7674;16.62
3;3;you;326;309;367;328;[1897];0.2264;318.5;5.0;1;1251.1330398536365;1;0.2264;17.0735;16.5445;16.81
4;4;always;387;304;472;328;[];0.0;316.0;2.5;1;1240.9199762327148;0;;;;
5;5;feel;492;304;547;323;[1898];0.3232;313.5;2.5;1;1244.01696;1;0.3232;18.1174;17.1541;17.64
6;6;tired;567;304;638;323;[1901];0.1942;313.5;0.0;1;1244.2949863329843;1;0.1942;16.4743;12.9804;14.73
7;7;during;656;304;743;328;[1899];0.2588;316.0;2.5;1;1244.370391247478;1;0.2588;17.4548;16.1734;16.81
8;8;the;762;304;803;323;[1900];0.2587;313.5;2.5;1;1263.5477628540211;1;0.2587;17.6121;16.1778;16.89
9;9;day,.;821;304;874;328;[];0.0;316.0;2.5;1;1270.3276989081996;0;;;;
10;10;It;897;305;922;323;[];0.0;314.0;2.0;1;1294.0361652648667;0;;;;
11;11;is;942;304;967;323;[];0.0;313.5;0.5;1;1307.1426138770787;0;;;;
12;12;chronic;987;304;1088;323;[1903, 1904, 1905];0.8413;313.5;0.0;1;1321.6520075320136;3;0.2804;15.778;14.2747;15.03
13;13;in;1107;304;1132;323;[];0.0;313.5;0.0;1;1366.8491522525087;0;;;;
14;14;nature;1152;306;1238;323;[];0.0;314.5;1.0;1;1386.0984167848262;0;;;;
15;15;and;41;403;82;422;[];0.0;412.5;98.0;2;1233.4777366995327;0;;;;
16;16;can;101;408;142;422;[];0.0;415.0;2.5;2;1212.4453038935;0;;;;
17;17;often;161;404;232;422;[1906];0.4205;413.0;2.0;2;1185.8996782752754;1;0.4205;17.6875;16.5634;17.13
18;18;be;251;403;277;422;[];0.0;412.5;0.5;2;1174.9894735415298;0;;;;
19;19;very;295;408;353;427;[];0.0;417.5;5.0;2;1155.3653353521568;0;;;;
20;20;overwhelming;371;403;548;427;[1907, 1908];0.5825;415.0;2.5;2;1140.01696;2;0.2913;17.2527;15.8874;16.57
21;21;to;566;405;592;422;[];0.0;413.5;1.5;2;1145.2964900554798;0;;;;
22;22;people;611;403;697;427;[1909];0.2744;415.0;1.5;2;1142.1826020971434;1;0.2744;16.548;14.7629;15.66
23;23;who;714;403;757;422;[];0.0;412.5;2.5;2;1158.057667188211;0;;;;
24;24;experience;776;403;922;427;[1910];0.4526;415.0;2.5;2;1164.0472020212073;1;0.4526;15.8866;15.0156;15.45
25;25;it,.;942;403;978;422;[];0.0;412.5;2.5;2;1213.3043537931453;0;;;;
26;26;I,'m;1002;404;1043;422;[1911];0.3558;413.0;0.5;2;1234.448760756558;1;0.3558;16.3152;15.3495;15.83
27;27;not;1061;405;1102;422;[];0.0;413.5;0.5;2;1257.6877299764842;0;;;;
28;28;sure;1122;408;1177;422;[1912];0.3397;415.0;1.5;2;1284.1247287290287;1;0.3397;16.1341;15.3426;15.74
29;29;if;1197;403;1222;422;[];0.0;412.5;2.5;2;1319.771449506846;0;;;;
30;30;you;63;507;104;526;[];0.0;516.5;104.0;3;1128.902610880762;0;;;;
31;31;have;124;502;180;521;[];0.0;511.5;5.0;3;1106.4602294042932;0;;;;
32;32;it;199;502;224;521;[1913];0.3883;511.5;0.0;3;1092.9084364453417;1;0.3883;16.7631;15.7361;16.25
33;33;or;243;507;270;521;[];0.0;514.0;2.5;3;1080.4761317370233;0;;;;
34;34;not,,;289;504;341;524;[];0.0;514.0;0.0;3;1061.9621039817764;0;;;;
35;35;as;364;507;389;521;[];0.0;514.0;0.0;3;1056.959621959799;0;;;;
36;36;I;409;503;419;521;[];0.0;512.0;2.0;3;1053.072545674514;0;;;;
37;37;am;439;507;466;521;[1914];0.3071;514.0;2.0;3;1048.680700715619;1;0.3071;16.2699;15.241;15.76
38;38;not;484;504;524;521;[];0.0;512.5;1.5;3;1046.1502236549975;0;;;;
39;39;able;544;502;600;521;[1915];0.3236;511.5;1.0;3;1046.022173021873;1;0.3236;16.7646;15.6753;16.22
40;40;to;619;504;645;521;[];0.0;512.5;1.0;3;1048.9436335921018;0;;;;
41;41;read;666;502;720;521;[];0.0;511.5;1.0;3;1053.4952169105475;0;;;;
42;42;minds;737;502;809;521;[1916];0.3071;511.5;0.0;3;1064.2772725438617;1;0.3071;16.4504;14.8537;15.65
43;43;yet,.;828;504;881;526;[1917];0.3392;515.0;3.5;3;1079.934711014236;1;0.3392;16.7562;15.8541;16.31
44;44;If;904;503;930;521;[];0.0;512.0;3.0;3;1107.3121124838297;0;;;;
45;45;you;948;507;989;526;[1918];0.3074;516.5;4.5;3;1117.8602578378934;1;0.3074;16.9542;15.3031;16.13
46;46;are;1009;507;1050;521;[];0.0;514.0;2.5;3;1146.0622227668973;0;;;;
47;47;concerned;1069;502;1200;521;[1919];0.2909;511.5;2.5;3;1171.859593318842;1;0.2909;13.6238;11.9609;12.79
48;48;about;27;601;97;620;[];0.0;610.5;99.0;4;1045.8052795685253;0;;;;
49;49;the;117;601;158;620;[1920];0.4044;610.5;0.0;4;1021.4198821118578;1;0.4044;16.3536;16.5934;16.47
50;50;condition,,;177;601;319;623;[1921];0.291;612.0;1.5;4;969.6998745041692;1;0.291;15.9231;16.271;16.1
51;51;consider;342;601;458;620;[1922];0.2423;610.5;1.5;4;950.6208579520026;1;0.2423;15.9447;15.6003;15.77
52;52;speaking;477;601;593;625;[];0.0;613.0;2.5;4;942.0169599999999;0;;;;
53;53;to;612;603;638;620;[1923];0.2263;611.5;1.5;4;949.6974016882438;1;0.2263;15.742;14.9877;15.36
54;54;a;657;606;668;620;[];0.0;613.0;1.5;4;954.1317365927;0;;;;
55;55;medical;685;601;787;620;[];0.0;610.5;2.5;4;957.9479657963691;0;;;;
56;56;professional;807;601;982;625;[1924];0.2427;613.0;2.5;4;978.9345847263755;1;0.2427;15.8164;14.7433;15.28
57;57;in;1002;601;1027;620;[];0.0;610.5;2.5;4;1053.3950003552332;0;;;;
58;58;your;1046;606;1103;625;[1925];0.2589;615.5;5.0;4;1068.9838485091352;1;0.2589;16.2367;14.9349;15.59
59;59;area;1122;606;1178;620;[1926];0.2427;613.0;2.5;4;1111.1946736613713;1;0.2427;14.2613;13.8244;14.04
60;60;for;1197;602;1238;620;[];0.0;611.0;2.0;4;1152.2039588429652;0;;;;
61;61;more;543;705;601;719;[1928];0.1941;712.0;101.0;5;848.0200855483326;1;0.1941;16.3967;9.4388;12.92
62;62;details,.;619;700;732;719;[1927];0.3074;709.5;2.5;5;851.6243481097763;1;0.3074;11.9099;11.7016;11.81
