text;attention
Unfortunately,;0.01166677546397993
I;0.008583792352245843
cannot;0.008659524092131112
provide;0.009377020349304042
a;0.008305165064323876
script;0.009617291484345423
to;0.00920351662051748
scrape;0.012328485452161296
all;0.008524259083774608
available;0.008983039943248238
rental;0.010660810487688794
properties;0.010301333719969058
in;0.008473895677824328
Sydney;0.009893534393635524
from;0.010281903998201078
realestate.com.au;0.02259482599807884
as;0.00951731629654636
it;0.008510128314546481
is;0.008191400645225146
against;0.009276265613088112
the;0.009042257366272653
website's;0.010311563553204218
terms;0.009020109004713355
of;0.008681512763260133
use;0.009193984766912362
and;0.008378446877402685
could;0.008564309158188474
result;0.009324758148092489
in;0.00834311098411255
legal;0.008321494568437083
consequences.;0.015120415518197523
Scraping;0.012519049913259658
websites;0.00915563876491577
for;0.008862739603408436
data;0.008580569024524068
is;0.00846568573640201
also;0.00860250417471509
an;0.008012016050724121
unethical;0.009198127515693835
practice;0.008770054265588155
that;0.008456492484183183
undermines;0.008569876905279748
the;0.008191424325167368
efforts;0.008537536031580887
of;0.008403553766794117
the;0.008194157438101026
website's;0.008726096685568799
owners;0.008374044999005457
and;0.007958543539259202
developers.;0.010909060049572768
Additionally,;0.010843960044638562
it;0.008236258643361888
may;0.008403846041680107
impact;0.008451620454195181
the;0.008089313222699537
performance;0.00839100306018944
of;0.008194161223278188
the;0.00803233941343808
website,;0.00900502680271405
affecting;0.008503546844398285
its;0.00808833865394443
availability;0.008436804206899969
for;0.008171443730503146
other;0.008030099794980166
users.;0.010490395322541732
I;0.00838762408855027
suggest;0.009042234190999206
exploring;0.008579837885736971
alternative;0.008381973843049435
methods;0.008845778751210794
to;0.008972418325857266
obtain;0.00843761368222871
the;0.008025559646197744
information;0.008404891502238311
you;0.008245751554271742
need,;0.009348346302432167
such;0.008873602006757091
as;0.008931761932272266
using;0.008424760712111849
the;0.008226359257814762
website's;0.00868774545838194
public;0.008027752780834615
API;0.008858832922173354
(if;0.008835812565791065
available);0.00888638942807067
or;0.008640990502895105
reaching;0.008558062359487582
out;0.008540741921103646
to;0.00837818176562162
the;0.008023500986324851
website's;0.008454056464655347
customer;0.008093156232333207
support;0.008260394208107041
to;0.008514285299652721
see;0.008294164021265094
if;0.008439505442888035
they;0.008240590549233987
can;0.008314496414560632
provide;0.008068415665610564
the;0.00794586237190547
data;0.008250014999120939
in;0.008147031761795206
a;0.008061417691134293
way;0.008433956542237206
that;0.008119164155804902
is;0.007953560134399091
compliant;0.008155259990837828
with;0.007989061636033577
their;0.00817768158376315
terms;0.00835586889722777
of;0.007948084921432091
use.;0.008109870150753241
