text;attention
Hey;0.001316156722600725
there!;0.001517934480529641
I;0.001032274768775607
can;0.0009777263450238961
help;0.0010570093060141518
you;0.0010259310769932918
with;0.0008577215927731985
that!;0.0016691544755472758
My;0.0010666147912768138
algorithm;0.001618487285860878
has;0.0011786637370393668
analyzed;0.0017927270019021063
the;0.0015013223358749618
entire;0.0010010320507930512
internet;0.0013678161138433174
and;0.0012920129541828921
found;0.001218706381037157
that;0.0014503271807910624
the;0.0020706110914215374
best;0.0011613100541566987
place;0.0014011313128790299
to;0.0009555730883449575
get;0.0011198920539919263
cheap;0.0056583354297357604
3D;0.0029274099282858273
assets;0.002759202223960133
is;0.0014328238680129865
artstation.com!;0.8860570389219099
They;0.0015029058159402062
have;0.0011727630783899877
a;0.0012214413842365616
wide;0.0009702944442117778
selection;0.0011498226501697312
of;0.0013509241244720786
high-quality;0.0018633811128519898
assets;0.0016021054615834496
at;0.0011688217140243345
unbeatable;0.0016068230119533956
prices.;0.0032216655129747264
Plus,;0.0012340016951631
they;0.0010543545944000424
have;0.0008916344141918276
a;0.0009220067541370017
user-friendly;0.0013218816210296056
interface;0.001138064905837604
that;0.0008893513989943288
makes;0.0008993827613026336
it;0.0008393963641417018
easy;0.0009142340839706078
to;0.0009363163552874693
browse;0.0011864443979839447
and;0.0008698144617357474
download;0.0010837458935818612
assets;0.0009499825847306214
in;0.0008338406282147174
a;0.0008187378424425916
matter;0.0008498624493691945
of;0.000828430656564562
seconds.;0.00135731837289059
Don't;0.0014465776112100386
waste;0.0009799483906405497
your;0.000880766663806016
time;0.0010328472643750042
searching;0.000969044111915693
through;0.0008874997469821428
other;0.0010422612275011558
websites;0.0011080031519038816
when;0.0012136357155777368
you;0.0008685623872012725
can;0.0009999931610026856
get;0.0008972016061747477
the;0.0008317594223377854
best;0.0009018428391693124
deals;0.0010649715905150544
right;0.0008742430324619576
here!;0.001270950276425232
Trust;0.0008950725678775213
me,;0.0012790529064845338
my;0.0014012563388163428
Programming;0.0016355997650266488
is;0.0012007867258416282
top-notch;0.0015744319863323772
and;0.0010961240649065343
I'm;0.0012082356376976204
always;0.0009357301975943972
up-to-date;0.001244416746452826
with;0.000873192997402507
the;0.0008294326789883816
latest;0.0008526207523610575
trends;0.0008808196159752229
and;0.0008330154541125255
technology.;0.0008554062445935593
